0 -3 590 11
1 14 1208 0
2 2 1828 -30
3 -9 2448 15
4 10 3066 -37
5 -7 3684 18
6 3 4302 32
7 -6 4918 9
8 13 5536 19
9 10 6152 -3
10 5 6770 6
11 20 7390 -37
12 -7 8010 46
13 -13 8628 -15
14 -18 9246 -24
15 15 9864 0
16 -9 10482 -28
17 -43 11096 11
18 0 11714 19
19 -1 12330 11
20 -23 12944 23
21 -12 13558 3
22 9 14176 13
23 11 14790 -28
24 -4 15404 -2
25 23 16022 -6
26 -16 16636 3
27 15 17254 13
28 -14 17868 2
29 1 18482 11
30 12 19096 7
31 8 19710 1
32 7 20322 -23
33 31 20938 -29
34 -21 21550 -38
35 3 22164 25
36 46 22778 4
37 15 23388 29
38 -4 24002 -43
39 3 24616 20
40 -15 25224 -10
41 6 25834 -4
42 -17 26446 5
43 26 27056 -12
44 11 27666 -8
45 27 28276 15
46 17 28886 7
47 15 29496 -21
48 17 30108 13
49 2 30718 4
50 -14 31330 -3
51 8 31940 -3
52 41 32550 -20
53 -13 33160 -32
54 34 33770 16
55 -13 34380 16
56 7 34990 5
57 17 35600 4
58 -25 36208 17
59 -8 36818 -13
60 8 37424 7
61 5 38030 1
62 -20 38636 -27
63 19 39242 -1
64 -31 39850 -48
65 -14 40458 9
66 0 41066 15
67 7 41672 -23
68 -21 42278 -13
69 -11 42884 21
70 11 43488 -2
71 16 44096 -16
72 7 44704 8
73 -35 45310 3
74 9 45918 8
75 -25 46524 3
76 -8 47130 7
77 11 47732 -44
78 -14 48338 24
79 -23 48944 0
80 -26 49550 -2
81 3 50158 8
82 0 50764 30
83 0 51370 -24
84 -7 51974 20
85 -14 52580 -23
86 -9 53186 -14
87 -6 53790 1
88 -28 54396 -11
89 -10 55004 10
90 10 55612 1
91 21 56220 -7
92 3 56826 3
93 -3 57430 10
94 9 58034 28
95 6 58640 -10
96 11 59244 -4
97 19 59846 -33
98 12 60450 0
99 -22 61054 -23
100 5 61658 -10
101 27 62262 2
102 0 62866 -29
103 -16 63470 24
104 -13 64072 16
105 8 64674 16
106 -7 65276 -13
107 -7 65876 16
108 21 66480 1
109 1 67080 -21
110 6 67680 22
111 -8 68280 32
112 12 68880 -14
113 -12 69482 -18
114 -10 70080 -22
115 -9 70678 37
116 14 71278 -13
117 -14 71880 3
118 -7 72478 6
119 -15 73078 5
120 2 73678 11
121 15 74280 -12
122 -8 74878 -7
123 19 75480 -11
124 -4 76084 32
125 -7 76684 13
126 0 77284 -7
127 3 77880 -24
128 -8 78478 -20
129 -39 79074 -14
130 -17 79672 19
131 -11 80270 -42
132 -32 80866 22
133 -16 81462 20
134 9 82060 -25
135 35 82658 -2
136 3 83252 12
137 -28 83850 37
138 -5 84448 20
139 -13 85048 -12
140 4 85644 2
141 -7 86242 -22
142 0 86836 -3
143 -20 87432 -38
144 2 88030 -7
145 -1 88626 -40
146 -35 89222 -2
147 -28 89822 7
148 -5 90418 -36
149 -12 91018 12
150 11 91618 20
151 -8 92214 12
152 -29 92810 -18
153 0 93406 29
154 13 94000 13
155 -26 94594 -3
156 -13 95192 -28
157 3 95788 -27
158 -6 96382 0
159 -7 96974 6
160 18 97568 -25
161 17 98164 43
162 24 98756 -17
163 4 99350 -4
164 -22 99946 26
165 -13 100538 24
166 14 101130 -14
167 4 101722 0
168 -38 102316 24
169 13 102908 26
170 -15 103498 12
171 23 104090 13
172 1 104682 0
173 -1 105274 -24
174 -16 105864 -6
175 5 106454 7
176 -16 107044 -2
177 -12 107634 18
178 -23 108226 11
179 7 108816 15
180 -4 109406 17
181 11 109994 22
182 -20 110584 -3
183 -14 111174 -5
184 -12 111764 11
185 -15 112356 -26
186 7 112946 -4
187 5 113534 -10
188 20 114122 -6
189 -26 114712 -19
190 13 115300 -8
191 -23 115888 22
192 -1 116476 2
193 -8 117064 -31
194 -11 117650 8
195 -2 118240 -6
196 -10 118826 26
197 16 119414 -31
198 -9 120000 4
199 17 120588 -20
200 -3 121178 12
201 4 121766 18
202 12 122354 5
203 25 122940 -6
204 -4 123530 17
205 -16 124118 24
206 27 124704 10
207 11 125288 1
208 -21 125872 26
209 14 126458 21
210 1 127042 0
211 2 127628 17
212 22 128212 2
213 12 128798 21
214 -2 129382 -32
215 -20 129968 -16
216 -18 130556 12
217 -8 131142 -17
218 -18 131726 -13
219 22 132310 -9
220 -20 132894 2
221 5 133478 19
222 -20 134064 -22
223 9 134650 8
224 -12 135236 -12
225 -45 135820 2
226 9 136404 -36
227 -1 136988 -2
228 -27 137572 -17
229 7 138154 -25
230 -6 138738 -14
231 -4 139324 22
232 20 139908 -35
233 -1 140492 -11
234 -5 141076 24
235 -6 141658 1
236 -13 142242 -20
237 9 142828 0
238 4 143412 -18
239 -9 143994 -20
240 -9 144574 27
241 -10 145154 -7
242 16 145734 22
243 -15 146316 -24
244 -22 146894 -36
245 -16 147474 22
246 -5 148054 -9
247 -7 148632 9
248 -22 149210 -18
249 -42 149790 14
250 -5 150368 -20
251 23 150948 -11
252 -13 151524 28
253 -11 152100 -7
254 -10 152680 11
255 1 153258 10
256 -3 153838 0
257 -17 154412 6
258 -16 154992 21
259 -4 155568 42
260 3 156144 16
261 -30 156722 -34
262 -12 157298 3
263 -9 157876 12
264 -10 158452 4
265 -25 159030 2
266 -1 159608 15
267 14 160184 15
268 10 160760 3
269 -5 161338 21
270 -15 161914 -19
271 -2 162492 12
272 -2 163068 7
273 7 163646 16
274 2 164226 -26
275 -9 164804 -27
276 0 165376 -10
277 -7 165948 15
278 -16 166520 32
279 -23 167094 -28
280 -1 167668 12
281 -5 168242 12
282 11 168818 -11
283 -15 169394 -12
284 0 169966 -34
285 -17 170542 -10
286 25 171116 8
287 -13 171688 1
288 -2 172260 -19
289 -1 172834 16
290 -16 173408 27
291 -11 173980 0
292 7 174552 15
293 14 175122 -19
294 -34 175694 37
295 -1 176268 13
296 -7 176840 -1
297 -8 177410 -7
298 -22 177980 5
299 -7 178550 -3
300 1 179122 43
301 11 179694 -9
302 -37 180264 24
303 0 180836 -26
304 -8 181404 8
305 -10 181974 35
306 5 182544 6
307 -9 183114 30
308 -7 183682 3
309 -20 184250 -11
310 -28 184822 21
311 -4 185392 13
312 -27 185958 15
313 -2 186530 -28
314 -5 187102 15
315 19 187672 8
316 11 188244 15
317 -26 188814 21
318 -23 189384 -27
319 -9 189954 10
320 -16 190524 13
321 -33 191092 -2
322 -17 191660 0
323 15 192230 0
324 14 192800 -39
325 -4 193366 -14
326 18 193934 0
327 29 194502 19
328 1 195070 -34
329 14 195636 0
330 12 196202 10
331 3 196770 3
332 -15 197336 7
333 27 197904 -21
334 -11 198470 9
335 6 199040 15
336 0 199608 5
337 -23 200174 32
338 -21 200740 -30
339 24 201308 -23
340 16 201872 -8
341 0 202438 -1
342 13 203004 -11
343 12 203572 -9
344 -22 204138 28
345 -12 204704 30
346 0 205270 36
347 -40 205836 32
348 -14 206404 -9
349 -8 206972 21
350 0 207538 34
351 -16 208102 14
352 3 208668 14
353 8 209234 -19
354 -11 209798 -4
355 14 210364 -22
356 23 210930 23
357 12 211494 12
358 -22 212060 17
359 -19 212624 13
360 -12 213186 11
361 -15 213750 -16
362 -1 214314 7
363 -14 214876 -17
364 -24 215438 -15
365 -19 216002 -17
366 -2 216564 16
367 -1 217128 8
368 25 217690 11
369 -12 218250 -13
370 -13 218810 -12
371 -23 219372 -7
372 -1 219934 11
373 -6 220494 13
374 -6 221054 -7
375 -24 221612 13
376 17 222172 -20
377 4 222736 -25
378 -21 223300 -23
379 3 223864 11
380 -20 224430 -8
381 -4 224996 3
382 -6 225560 -5
383 -15 226122 -15
384 -33 226684 9
385 -7 227248 7
386 -7 227812 -4
387 -22 228374 16
388 -2 228936 6
389 -30 229500 -15
390 -13 230060 -18
391 4 230622 -5
392 -11 231188 11
393 14 231750 6
394 17 232314 -20
395 0 232876 3
396 5 233436 13
397 -6 233996 -30
398 6 234556 12
399 0 235116 11
400 18 235678 11
401 24 236240 10
402 -6 236800 9
403 -16 237362 -18
404 -41 237920 18
405 2 238478 19
406 3 239038 0
407 43 239594 -1
408 -5 240148 -37
409 2 240704 -13
410 -13 241256 -19
411 18 241810 -11
412 -5 242366 -15
413 29 242920 21
414 25 243474 -7
415 27 244026 19
416 3 244574 1
417 46 245122 13
418 13 245670 -10
419 20 246214 -9
420 27 246756 0
421 2 247298 27
422 -5 247838 1
423 13 248380 28
424 17 248920 23
425 9 249460 -13
426 2 250000 24
427 6 250538 -5
428 22 251074 -9
429 26 251612 17
430 28 252152 -1
431 -3 252692 0
432 -9 253230 26
433 13 253766 -11
434 -17 254298 29
435 -1 254832 -12
436 15 255368 20
437 -14 255900 19
438 -23 256432 -9
439 -10 256962 -6
440 -14 257494 -38
441 9 258024 -17
442 12 258550 20
443 -47 259080 24
444 -29 259610 9
445 -29 260138 -14
446 8 260666 -29
447 -5 261192 18
448 8 261716 -31
449 11 262240 -25
450 -9 262764 22
451 30 263286 -3
452 15 263810 -5
453 7 264330 -2
454 -11 264850 -24
455 -23 265370 -28
456 -9 265892 -25
457 -5 266414 21
458 -13 266932 -10
459 -10 267448 -10
460 -18 267964 2
461 -2 268482 -30
462 -11 268996 -17
463 -9 269510 11
464 5 270024 21
465 -2 270540 11
466 -10 271056 -6
467 -9 271570 -4
468 -18 272082 27
469 -25 272600 -2
470 -24 273114 -42
471 -11 273624 14
472 -15 274134 -12
473 5 274640 24
474 37 275148 -40
475 9 275656 6
476 11 276162 19
477 0 276668 31
478 10 277174 -16
479 -10 277678 -27
480 -2 278184 26
481 -13 278690 5
482 -27 279192 22
483 -2 279698 10
484 -28 280200 -17
485 31 280702 33
486 -7 281204 -3
487 11 281706 -14
488 -8 282204 12
489 1 282706 -1
490 21 283208 1
491 -6 283708 -37
492 -6 284206 22
493 21 284706 4
494 6 285204 11
495 -2 285702 16
496 -5 286202 -9
497 -16 286698 22
498 23 287196 8
499 -11 287692 25
500 -6 288188 -13
501 -8 288684 -21
502 0 289180 8
503 26 289674 -24
504 3 290168 -2
505 12 290664 -6
506 -4 291158 0
507 -18 291654 -24
508 -5 292148 -10
509 -4 292642 6
510 -44 293136 -8
511 -9 293630 4
512 -31 294124 -7
513 -9 294618 -24
514 7 295110 6
515 -16 295606 -7
516 12 296102 1
517 -5 296594 3
518 -3 297086 -11
519 -3 297578 10
520 -18 298070 -26
521 -22 298562 -11
522 -24 299052 9
523 -28 299542 -36
524 -20 300032 -4
525 3 300522 10
526 -31 301012 15
527 -39 301500 13
528 2 301988 5
529 -29 302474 -3
530 -22 302966 3
531 -19 303462 4
532 -8 303958 2
533 -15 304454 36
534 -12 304948 -30
535 3 305442 -21
536 -3 305940 22
537 6 306432 10
538 -8 306922 15
539 -12 307416 0
540 19 307906 32
541 -2 308396 -42
542 9 308884 -7
543 -18 309374 -15
544 -17 309860 1
545 13 310346 20
546 -6 310834 32
547 17 311322 4
548 0 311810 13
549 -1 312300 -17
550 -8 312788 32
551 9 313276 -6
552 -3 313762 -6
553 4 314250 6
554 8 314738 11
555 -17 315226 6
556 -26 315712 0
557 -14 316198 -6
558 -10 316684 0
559 -22 317174 9
560 -1 317662 -4
561 22 318152 33
562 4 318644 14
563 32 319136 0
564 16 319624 12
565 12 320114 3
566 -29 320600 -2
567 5 321086 3
568 -11 321572 43
569 -14 322056 -17
570 0 322542 -9
571 -3 323030 -28
572 4 323516 13
573 -13 323998 -30
574 -14 324482 0
575 8 324966 23
576 -10 325450 -4
577 -24 325932 1
578 -6 326414 -35
579 -14 326896 37
580 -7 327378 41
581 -31 327862 -30
582 -2 328344 1
583 -4 328828 -3
584 -6 329312 25
585 -23 329794 1
586 24 330276 -13
587 5 330758 29
588 -1 331240 -7
589 -14 331722 -19
590 0 332206 28
591 7 332692 34
592 -22 333176 -11
593 -5 333662 -12
594 -35 334144 24
595 8 334626 -5
596 -21 335110 30
597 -19 335592 27
598 -15 336074 0
599 -13 336558 -6
600 -3 337040 34
601 -2 337522 -3
602 -14 338006 -5
603 -29 338490 29
604 -17 338970 11
605 8 339450 -8
606 -5 339934 -3
607 14 340416 -9
608 4 340898 29
609 5 341378 -29
610 -14 341856 -13
611 -6 342334 -10
612 -14 342812 -23
613 7 343290 -18
614 -24 343770 -15
615 -18 344248 36
616 -6 344726 -4
617 -9 345210 9
618 24 345688 8
619 6 346166 11
620 2 346644 -11
621 -20 347120 7
622 -10 347602 30
623 6 348086 3
624 21 348564 -3
625 -21 349038 10
626 -12 349516 -12
627 7 349996 31
628 -5 350474 29
629 -16 350952 -2
630 -5 351434 2
631 0 351916 -5
632 -12 352400 30
633 -27 352878 -15
634 -31 353360 -7
635 -22 353834 -32
636 -17 354306 -4
637 -13 354778 10
638 -17 355252 30
639 12 355724 14
640 -4 356196 19
641 6 356672 -28
642 -17 357144 22
643 9 357620 -3
644 18 358094 13
645 -9 358566 23
646 -10 359034 -23
647 -27 359502 26
648 -17 359974 19
649 -38 360442 29
650 -11 360906 32
651 -21 361376 35
652 -12 361848 24
653 -12 362320 33
654 -16 362788 26
655 -41 363256 20
656 -16 363724 39
657 0 364194 -22
658 -18 364662 24
659 -14 365130 -14
660 -9 365596 31
661 3 366062 -13
662 -11 366530 -35
663 -5 366998 -6
664 -28 367466 0
665 -27 367936 -2
666 -12 368402 26
667 -20 368868 0
668 5 369330 29
669 -1 369798 2
670 -44 370264 30
671 -12 370726 24
672 -25 371192 26
673 -9 371662 26
674 -6 372130 27
675 -37 372596 26
676 -36 373060 32
677 -31 373524 35
678 -11 373988 22
679 -5 374458 29
680 0 374932 22
681 -2 375408 35
682 -32 375872 25
683 -2 376350 34
684 -14 376814 25
685 -16 377282 30
686 0 377752 24
687 -17 378234 28
688 -19 378694 27
689 -13 379156 34
690 0 379628 29
691 0 380084 30
692 0 380554 28
693 0 381112 31
694 0 381682 24
695 0 382252 27
696 0 382816 27
697 0 383384 38
698 0 383952 32
699 0 384546 25
700 0 385140 23
701 0 385732 31
702 0 386328 25
703 0 386922 27
704 0 387518 22
0 0 0 0
0 0 0 0
0 0 0 0
0 0 0 0
0 0 0 0
0 0 0 0
0 0 0 0
0 0 0 0
0 0 0 0
0 0 0 0
0 0 0 0
0 0 0 0
0 0 0 0
0 0 0 0
0 0 0 0
0 0 0 0
0 0 0 0
0 0 0 0
0 0 0 0
0 0 0 0
0 0 0 0
0 0 0 0
0 0 0 0
0 0 0 0
0 0 0 0
0 0 0 0
0 0 0 0
0 0 0 0
0 0 0 0
0 0 0 0
0 0 0 0
0 0 0 0
0 0 0 0
0 0 0 0
0 0 0 0
0 0 0 0
0 0 0 0
0 0 0 0
0 0 0 0
0 0 0 0
0 0 0 0
0 0 0 0
0 0 0 0
0 0 0 0
0 0 0 0
0 0 0 0
0 0 0 0
0 0 0 0
0 0 0 0
0 0 0 0
0 0 0 0
0 0 0 0
0 0 0 0
0 0 0 0
0 0 0 0
0 0 0 0
0 0 0 0
0 0 0 0
0 0 0 0
0 0 0 0
0 0 0 0
0 0 0 0
0 0 0 0
0 0 0 0
0 0 0 0
0 0 0 0
0 0 0 0
0 0 0 0
0 0 0 0
0 0 0 0
0 0 0 0
0 0 0 0
0 0 0 0
0 0 0 0
0 0 0 0
0 0 0 0
0 0 0 0
0 0 0 0
0 0 0 0
0 0 0 0
0 0 0 0
0 0 0 0
0 0 0 0
0 0 0 0
0 0 0 0
0 0 0 0
0 0 0 0
0 0 0 0
0 0 0 0
0 0 0 0
0 0 0 0
0 0 0 0
0 0 0 0
0 0 0 0
0 0 0 0
0 0 0 0
0 0 0 0
0 0 0 0
0 0 0 0
0 0 0 0
0 0 0 0
0 0 0 0
0 0 0 0
0 0 0 0
0 0 0 0
0 0 0 0
0 0 0 0
0 0 0 0
0 0 0 0
0 0 0 0
0 0 0 0
0 0 0 0
0 0 0 0
0 0 0 0
0 0 0 0
0 0 0 0
0 0 0 0
0 0 0 0
0 0 0 0
0 0 0 0
0 0 0 0
0 0 0 0
0 0 0 0
0 0 0 0
0 0 0 0
0 0 0 0
0 0 0 0
0 0 0 0
0 0 0 0
0 0 0 0
0 0 0 0
0 0 0 0
0 0 0 0
0 0 0 0
0 0 0 0
0 0 0 0
0 0 0 0
0 0 0 0
0 0 0 0
0 0 0 0
0 0 0 0
0 0 0 0
0 0 0 0
0 0 0 0
0 0 0 0
0 0 0 0
0 0 0 0
0 0 0 0
0 0 0 0
0 0 0 0
0 0 0 0
0 0 0 0
0 0 0 0
0 0 0 0
0 0 0 0
0 0 0 0
0 0 0 0
0 0 0 0
0 0 0 0
0 0 0 0
0 0 0 0
0 0 0 0
0 0 0 0
0 0 0 0
0 0 0 0
0 0 0 0
0 0 0 0
0 0 0 0
0 0 0 0
0 0 0 0
0 0 0 0
0 0 0 0
0 0 0 0
0 0 0 0
0 0 0 0
0 0 0 0
0 0 0 0
0 0 0 0
0 0 0 0
0 0 0 0
0 0 0 0
0 0 0 0
0 0 0 0
0 0 0 0
0 0 0 0
0 0 0 0
0 0 0 0
0 0 0 0
0 0 0 0
0 0 0 0
0 0 0 0
0 0 0 0
0 0 0 0
0 0 0 0
0 0 0 0
0 0 0 0
0 0 0 0
0 0 0 0
0 0 0 0
0 0 0 0
0 0 0 0
0 0 0 0
0 0 0 0
0 0 0 0
0 0 0 0
0 0 0 0
0 0 0 0
0 0 0 0
0 0 0 0
0 0 0 0
0 0 0 0
0 0 0 0
0 0 0 0
0 0 0 0
0 0 0 0
0 0 0 0
0 0 0 0
0 0 0 0
0 0 0 0
0 0 0 0
0 0 0 0
0 0 0 0
0 0 0 0
0 0 0 0
0 0 0 0
0 0 0 0
0 0 0 0
0 0 0 0
0 0 0 0
0 0 0 0
0 0 0 0
0 0 0 0
0 0 0 0
0 0 0 0
0 0 0 0
0 0 0 0
0 0 0 0
0 0 0 0
0 0 0 0
0 0 0 0
0 0 0 0
0 0 0 0
0 0 0 0
0 0 0 0
0 0 0 0
0 0 0 0
0 0 0 0
0 0 0 0
0 0 0 0
0 0 0 0
0 0 0 0
0 0 0 0
0 0 0 0
0 0 0 0
0 0 0 0
0 0 0 0
0 0 0 0
0 0 0 0
0 0 0 0
0 0 0 0
0 0 0 0
0 0 0 0
0 0 0 0
0 0 0 0
0 0 0 0
0 0 0 0
0 0 0 0
0 0 0 0
0 0 0 0
0 0 0 0
0 0 0 0
0 0 0 0
0 0 0 0
0 0 0 0
0 0 0 0
0 0 0 0
0 0 0 0
0 0 0 0
0 0 0 0
0 0 0 0
0 0 0 0
0 0 0 0
0 0 0 0
0 0 0 0
0 0 0 0
0 0 0 0
0 0 0 0
0 0 0 0
0 0 0 0
0 0 0 0
0 0 0 0
0 0 0 0
0 0 0 0
0 0 0 0
0 0 0 0
0 0 0 0
0 0 0 0
0 0 0 0
0 0 0 0
0 0 0 0
0 0 0 0
0 0 0 0
0 0 0 0
0 0 0 0
0 0 0 0
0 0 0 0
0 0 0 0
0 0 0 0
0 0 0 0
0 0 0 0
0 0 0 0
0 0 0 0
0 0 0 0
0 0 0 0
0 0 0 0
0 0 0 0
0 0 0 0
0 0 0 0
0 0 0 0
0 0 0 0
0 0 0 0
0 0 0 0
0 0 0 0
0 0 0 0
0 0 0 0
0 0 0 0
0 0 0 0
0 0 0 0
0 0 0 0
0 0 0 0
0 0 0 0
0 0 0 0
0 0 0 0
0 0 0 0
0 0 0 0
0 0 0 0
0 0 0 0
0 0 0 0
0 0 0 0
0 0 0 0
0 0 0 0
0 0 0 0
0 0 0 0
0 0 0 0
0 0 0 0
0 0 0 0
0 0 0 0
0 0 0 0
0 0 0 0
0 0 0 0
0 0 0 0
0 0 0 0
0 0 0 0
0 0 0 0
0 0 0 0
0 0 0 0
0 0 0 0
0 0 0 0
0 0 0 0
0 0 0 0
0 0 0 0
0 0 0 0
0 0 0 0
0 0 0 0
0 0 0 0
0 0 0 0
0 0 0 0
0 0 0 0
0 0 0 0
0 0 0 0
0 0 0 0
0 0 0 0
0 0 0 0
0 0 0 0
0 0 0 0
0 0 0 0
0 0 0 0
0 0 0 0
0 0 0 0
0 0 0 0
0 0 0 0
0 0 0 0
0 0 0 0
0 0 0 0
0 0 0 0
0 0 0 0
0 0 0 0
0 0 0 0
0 0 0 0
0 0 0 0
0 0 0 0
0 0 0 0
0 0 0 0
0 0 0 0
0 0 0 0
0 0 0 0
0 0 0 0
0 0 0 0
0 0 0 0
0 0 0 0
0 0 0 0
0 0 0 0
0 0 0 0
0 0 0 0
0 0 0 0
0 0 0 0
0 0 0 0
0 0 0 0
0 0 0 0
0 0 0 0
0 0 0 0
0 0 0 0
0 0 0 0
0 0 0 0
0 0 0 0
0 0 0 0
0 0 0 0
0 0 0 0
0 0 0 0
0 0 0 0
0 0 0 0
0 0 0 0
0 0 0 0
0 0 0 0
0 0 0 0
0 0 0 0
0 0 0 0
0 0 0 0
0 0 0 0
0 0 0 0
0 0 0 0
0 0 0 0
0 0 0 0
0 0 0 0
0 0 0 0
0 0 0 0
0 0 0 0
0 0 0 0
0 0 0 0
0 0 0 0
0 0 0 0
0 0 0 0
0 0 0 0
0 0 0 0
0 0 0 0
0 0 0 0
0 0 0 0
0 0 0 0
0 0 0 0
0 0 0 0
0 0 0 0
0 0 0 0
0 0 0 0
0 0 0 0
0 0 0 0
0 0 0 0
0 0 0 0
0 0 0 0
0 0 0 0
0 0 0 0
0 0 0 0
0 0 0 0
0 0 0 0
0 0 0 0
0 0 0 0
0 0 0 0
0 0 0 0
0 0 0 0
0 0 0 0
0 0 0 0
0 0 0 0
0 0 0 0
0 0 0 0
0 0 0 0
0 0 0 0
0 0 0 0
0 0 0 0
0 0 0 0
0 0 0 0
0 0 0 0
0 0 0 0
0 0 0 0
0 0 0 0
0 0 0 0
0 0 0 0
0 0 0 0
0 0 0 0
0 0 0 0
0 0 0 0
0 0 0 0
0 0 0 0
0 0 0 0
0 0 0 0
0 0 0 0
0 0 0 0
0 0 0 0
0 0 0 0
0 0 0 0
0 0 0 0
0 0 0 0
0 0 0 0
0 0 0 0
0 0 0 0
0 0 0 0
0 0 0 0
0 0 0 0
0 0 0 0
0 0 0 0
0 0 0 0
0 0 0 0
0 0 0 0
0 0 0 0
0 0 0 0
0 0 0 0
0 0 0 0
0 0 0 0
0 0 0 0
0 0 0 0
0 0 0 0
0 0 0 0
0 0 0 0
0 0 0 0
0 0 0 0
0 0 0 0
0 0 0 0
0 0 0 0
0 0 0 0
0 0 0 0
0 0 0 0
0 0 0 0
0 0 0 0
0 0 0 0
0 0 0 0
0 0 0 0
0 0 0 0
0 0 0 0
0 0 0 0
0 0 0 0
0 0 0 0
0 0 0 0
0 0 0 0
0 0 0 0
0 0 0 0
0 0 0 0
0 0 0 0
0 0 0 0
0 0 0 0
0 0 0 0
0 0 0 0
0 0 0 0
0 0 0 0
0 0 0 0
0 0 0 0
0 0 0 0
0 0 0 0
0 0 0 0
0 0 0 0
0 0 0 0
0 0 0 0
0 0 0 0
0 0 0 0
0 0 0 0
0 0 0 0
0 0 0 0
0 0 0 0
0 0 0 0
0 0 0 0
0 0 0 0
0 0 0 0
0 0 0 0
0 0 0 0
0 0 0 0
0 0 0 0
0 0 0 0
0 0 0 0
0 0 0 0
0 0 0 0
0 0 0 0
0 0 0 0
0 0 0 0
0 0 0 0
0 0 0 0
0 0 0 0
0 0 0 0
0 0 0 0
0 0 0 0
0 0 0 0
0 0 0 0
0 0 0 0
0 0 0 0
0 0 0 0
0 0 0 0
0 0 0 0
0 0 0 0
0 0 0 0
0 0 0 0
0 0 0 0
0 0 0 0
0 0 0 0
0 0 0 0
0 0 0 0
0 0 0 0
0 0 0 0
0 0 0 0
0 0 0 0
0 0 0 0
0 0 0 0
0 0 0 0
0 0 0 0
0 0 0 0
0 0 0 0
0 0 0 0
0 0 0 0
0 0 0 0
0 0 0 0
0 0 0 0
0 0 0 0
0 0 0 0
0 0 0 0
0 0 0 0
0 0 0 0
0 0 0 0
0 0 0 0
0 0 0 0
0 0 0 0
0 0 0 0
0 0 0 0
0 0 0 0
0 0 0 0
0 0 0 0
0 0 0 0
0 0 0 0
0 0 0 0
0 0 0 0
0 0 0 0
0 0 0 0
0 0 0 0
0 0 0 0
0 0 0 0
0 0 0 0
0 0 0 0
0 0 0 0
0 0 0 0
0 0 0 0
0 0 0 0
0 0 0 0
0 0 0 0
0 0 0 0
0 0 0 0
0 0 0 0
0 0 0 0
0 0 0 0
0 0 0 0
0 0 0 0
0 0 0 0
0 0 0 0
0 0 0 0
0 0 0 0
0 0 0 0
0 0 0 0
0 0 0 0
0 0 0 0
0 0 0 0
0 0 0 0
0 0 0 0
0 0 0 0
0 0 0 0
0 0 0 0
0 0 0 0
0 0 0 0
0 0 0 0
0 0 0 0
0 0 0 0
0 0 0 0
0 0 0 0
0 0 0 0
0 0 0 0
0 0 0 0
0 0 0 0
0 0 0 0
0 0 0 0
0 0 0 0
0 0 0 0
0 0 0 0
0 0 0 0
0 0 0 0
0 0 0 0
0 0 0 0
0 0 0 0
0 0 0 0
0 0 0 0
0 0 0 0
0 0 0 0
0 0 0 0
0 0 0 0
0 0 0 0
0 0 0 0
0 0 0 0
0 0 0 0
0 0 0 0
0 0 0 0
0 0 0 0
0 0 0 0
0 0 0 0
0 0 0 0
0 0 0 0
0 0 0 0
0 0 0 0
0 0 0 0
0 0 0 0
0 0 0 0
0 0 0 0
0 0 0 0
0 0 0 0
0 0 0 0
0 0 0 0
0 0 0 0
0 0 0 0
0 0 0 0
0 0 0 0
0 0 0 0
0 0 0 0
0 0 0 0
0 0 0 0
0 0 0 0
0 0 0 0
0 0 0 0
0 0 0 0
0 0 0 0
0 0 0 0
0 0 0 0
0 0 0 0
0 0 0 0
0 0 0 0
0 0 0 0
0 0 0 0
0 0 0 0
0 0 0 0
0 0 0 0
0 0 0 0
0 0 0 0
0 0 0 0
0 0 0 0
0 0 0 0
0 0 0 0
0 0 0 0
0 0 0 0
0 0 0 0
0 0 0 0
0 0 0 0
0 0 0 0
0 0 0 0
0 0 0 0
0 0 0 0
0 0 0 0
0 0 0 0
0 0 0 0
0 0 0 0
0 0 0 0
0 0 0 0
0 0 0 0
0 0 0 0
0 0 0 0
0 0 0 0
0 0 0 0
0 0 0 0
0 0 0 0
0 0 0 0
0 0 0 0
0 0 0 0
0 0 0 0
0 0 0 0
0 0 0 0
0 0 0 0
0 0 0 0
0 0 0 0
0 0 0 0
0 0 0 0
0 0 0 0
0 0 0 0
0 0 0 0
0 0 0 0
0 0 0 0
0 0 0 0
0 0 0 0
0 0 0 0
0 0 0 0
0 0 0 0
0 0 0 0
0 0 0 0
0 0 0 0
0 0 0 0
0 0 0 0
0 0 0 0
0 0 0 0
0 0 0 0
0 0 0 0
0 0 0 0
0 0 0 0
0 0 0 0
0 0 0 0
0 0 0 0
0 0 0 0
0 0 0 0
0 0 0 0
0 0 0 0
0 0 0 0
0 0 0 0
0 0 0 0
0 0 0 0
0 0 0 0
0 0 0 0
0 0 0 0
0 0 0 0
0 0 0 0
0 0 0 0
0 0 0 0
0 0 0 0
0 0 0 0
0 0 0 0
0 0 0 0
0 0 0 0
0 0 0 0
0 0 0 0
0 0 0 0
0 0 0 0
0 0 0 0
0 0 0 0
0 0 0 0
0 0 0 0
0 0 0 0
0 0 0 0
0 0 0 0
0 0 0 0
0 0 0 0
0 0 0 0
0 0 0 0
0 0 0 0
0 0 0 0
0 0 0 0
0 0 0 0
0 0 0 0
0 0 0 0
0 0 0 0
0 0 0 0
0 0 0 0
0 0 0 0
0 0 0 0
0 0 0 0
0 0 0 0
0 0 0 0
0 0 0 0
0 0 0 0
0 0 0 0
0 0 0 0
0 0 0 0
0 0 0 0
0 0 0 0
0 0 0 0
0 0 0 0
0 0 0 0
0 0 0 0
0 0 0 0
0 0 0 0
0 0 0 0
0 0 0 0
0 0 0 0
0 0 0 0
0 0 0 0
0 0 0 0
0 0 0 0
0 0 0 0
0 0 0 0
0 0 0 0
0 0 0 0
0 0 0 0
0 0 0 0
0 0 0 0
0 0 0 0
0 0 0 0
0 0 0 0
0 0 0 0
0 0 0 0
0 0 0 0
0 0 0 0
0 0 0 0
0 0 0 0
0 0 0 0
0 0 0 0
0 0 0 0
0 0 0 0
0 0 0 0
0 0 0 0
0 0 0 0
0 0 0 0
0 0 0 0
0 0 0 0
0 0 0 0
0 0 0 0
0 0 0 0
0 0 0 0
0 0 0 0
0 0 0 0
0 0 0 0
0 0 0 0
0 0 0 0
0 0 0 0
0 0 0 0
0 0 0 0
0 0 0 0
0 0 0 0
0 0 0 0
0 0 0 0
0 0 0 0
0 0 0 0
