0 -14 810 14
1 -4 1656 12
2 -25 2492 10
3 -28 3334 -1
4 -16 4174 2
5 -29 5016 20
6 -19 5858 -5
7 5 6698 4
8 -9 7538 7
9 -3 8382 16
10 11 9218 21
11 -10 10056 7
12 24 10896 7
13 5 11736 5
14 -30 12580 13
15 -21 13416 15
16 -36 14254 -9
17 2 15088 -9
18 41 15924 10
19 -16 16762 7
20 -10 17602 15
21 -15 18436 -11
22 -33 19274 6
23 -9 20112 24
24 1 20948 -3
25 2 21786 -9
26 -15 22618 -2
27 -3 23450 -5
28 -29 24284 -18
29 -33 25118 -4
30 -17 25948 2
31 1 26782 9
32 -31 27612 8
33 -3 28442 11
34 -17 29270 -2
35 17 30100 1
36 18 30928 -16
37 23 31754 -19
38 -18 32582 16
39 -21 33412 -6
40 -16 34246 -26
41 -20 35074 23
42 -26 35908 -12
43 -37 36736 -11
44 12 37564 -22
45 16 38390 24
46 -12 39218 -1
47 6 40044 -9
48 -1 40872 6
49 -37 41696 -3
50 -4 42524 21
51 5 43352 3
52 -33 44176 -4
53 6 45002 -15
54 -12 45828 -5
55 4 46652 14
56 10 47478 7
57 -34 48302 -6
58 6 49124 -12
59 18 49948 1
60 4 50770 -9
61 -4 51596 3
62 -14 52420 -15
63 -2 53236 4
64 -23 54058 -2
65 -7 54880 16
66 2 55700 -5
67 -22 56522 19
68 -13 57338 2
69 -26 58156 -2
70 -29 58976 3
71 -23 59792 -2
72 8 60614 0
73 -17 61430 -2
74 -17 62254 1
75 -10 63074 2
76 9 63886 -5
77 -22 64702 3
78 0 65518 1
79 2 66336 0
80 -16 67150 -12
81 -22 67966 -9
82 -37 68782 -8
83 -4 69596 -10
84 1 70412 12
85 -22 71230 -12
86 -19 72046 4
87 -26 72858 -7
88 -27 73672 3
89 -1 74488 -13
90 -6 75302 14
91 3 76110 -7
92 -15 76922 4
93 -43 77732 10
94 -12 78544 9
95 3 79354 -7
96 -15 80162 8
97 -21 80882 5
98 -24 81628 5
99 -43 82436 -13
100 -24 83244 9
101 -18 84052 14
102 -33 84860 -1
103 -23 85668 5
104 -13 86474 10
105 -10 87282 2
106 -9 88090 8
107 -21 88900 -13
108 2 89706 4
109 0 90514 6
110 -32 91322 6
111 -5 92126 7
112 -47 92932 2
113 -11 93738 7
114 -6 94540 0
115 -7 95346 0
116 -4 96152 3
117 -12 96958 -8
118 -19 97762 7
119 -39 98568 -13
120 -31 99374 -10
121 -31 100174 -7
122 -19 100978 -1
123 -4 101782 11
124 -29 102582 6
125 -9 103382 10
126 -10 104186 11
127 -22 104984 6
128 -5 105786 -6
129 -8 106584 18
130 -43 107386 -12
131 -28 108184 10
132 -35 108980 -4
133 -34 109780 12
134 -47 110578 -5
135 0 111376 -5
136 -20 112170 -6
137 -57 112964 3
138 -34 113762 -8
139 -32 114560 9
140 -17 115354 10
141 -20 116152 1
142 -7 116946 -6
143 4 117740 -5
144 -25 118536 7
145 -17 119332 -6
146 -31 120126 5
147 -35 120920 5
148 -33 121710 10
149 -41 122498 9
150 -23 123286 -4
151 -23 124076 10
152 0 124864 -4
153 -24 125652 0
154 -20 126438 -7
155 10 127224 -11
156 -7 128006 -15
157 -29 128792 10
158 -9 129576 5
159 -32 130360 -7
160 -6 131146 9
161 -19 131930 -4
162 -23 132716 11
163 -17 133494 10
164 -48 134278 5
165 -22 135060 14
166 -13 135842 16
167 -40 136622 16
168 -56 137402 11
169 -40 138182 -5
170 -21 138962 9
171 -33 139734 12
172 -26 140512 7
173 -34 141292 -6
174 -15 142072 9
175 -23 142852 10
176 -40 143626 6
177 -30 144402 8
178 -7 145180 -7
179 -41 145954 -10
180 -6 146728 -12
181 -32 147504 -3
182 -20 148276 -14
183 -9 149054 -3
184 -39 149832 -5
185 -10 150604 11
186 -5 151376 12
187 -21 152148 5
188 -11 152920 0
189 -19 153688 8
190 -32 154458 -6
191 -36 155228 13
192 28 155998 -3
193 7 156770 -2
194 -19 157540 -13
195 -25 158310 16
196 -10 159080 -2
197 -21 159850 1
198 -23 160620 0
199 -17 161390 6
200 -30 162160 5
201 24 162928 -3
202 -26 163692 9
203 -8 164458 7
204 -20 165226 6
205 -39 165992 11
206 -18 166758 6
207 -27 167524 -5
208 -6 168288 2
209 -16 169050 -8
210 -6 169816 -6
211 -13 170580 -6
212 7 171344 -4
213 -5 172108 0
214 -16 172874 -3
215 -5 173636 10
216 -49 174394 -8
217 -31 175154 -23
218 -13 175914 -11
219 28 176670 -9
220 6 177428 1
221 4 178184 5
222 64 178942 -4
223 17 179696 4
224 3 180450 -5
225 -1 181208 -10
226 -4 181962 8
227 -4 182716 4
228 6 183470 0
229 -1 184226 4
230 -4 184978 1
231 -5 185732 8
232 12 186484 5
233 -20 187234 9
234 5 187990 9
235 -8 188744 9
236 -5 189494 0
237 8 190242 9
238 -8 190990 11
239 -5 191732 8
240 -22 192476 8
241 -21 193222 14
242 23 193972 8
243 -2 194720 11
244 -16 195468 10
245 -39 196212 16
246 -27 196956 3
247 -37 197702 3
248 1 198448 -7
249 -32 199194 5
250 1 199938 -10
251 2 200682 7
252 -43 201422 -4
253 -1 202164 11
254 -30 202904 11
255 -5 203646 5
256 -3 204392 9
257 -24 205138 0
258 -34 205880 11
259 -20 206624 2
260 -12 207366 3
261 -16 208106 6
262 -3 208848 -8
263 -25 209588 -1
264 -21 210328 12
265 0 211068 -7
266 -17 211808 -14
267 -16 212546 7
268 6 213282 8
269 -23 214020 3
270 20 214754 12
271 7 215492 8
272 2 216232 9
273 -6 216968 0
274 -28 217706 -2
275 -15 218446 10
276 8 219178 -7
277 -3 219916 0
278 -17 220650 -3
279 -47 221386 -9
280 -11 222124 -8
281 -16 222860 -7
282 -16 223592 5
283 13 224326 -19
284 1 225058 -7
285 -31 225792 7
286 -43 226528 5
287 -20 227262 -19
288 -14 227996 8
289 -21 228728 -5
290 -3 229458 8
291 -21 230196 -4
292 -13 230930 5
293 35 231660 0
294 -10 232388 11
295 -8 233116 0
296 -14 233844 5
297 -43 234570 -6
298 -27 235294 2
299 -22 236018 -6
300 -29 236742 7
301 -37 237468 -3
302 -19 238194 5
303 -6 238914 6
304 0 239638 -1
305 -34 240358 4
306 -5 241078 -2
307 9 241794 -12
308 -40 242506 -10
309 -2 243218 3
310 6 243922 6
311 -35 244634 -3
312 -7 245348 11
313 -8 246052 -3
314 -2 246758 -3
315 -43 247462 -6
316 -44 248168 -2
317 -38 248870 7
318 -11 249568 0
319 -28 250266 10
320 -51 250962 -6
321 0 251652 3
322 -17 252346 -2
323 -23 253034 10
324 0 253722 -9
325 0 254406 0
326 -43 255090 0
327 -34 255774 -2
328 -19 256456 -4
329 -51 257132 -2
330 -47 257808 -3
331 -12 258488 -9
332 -3 259164 -4
333 -32 259836 7
334 -32 260508 -9
335 -19 261176 0
336 -29 261838 -6
337 -34 262504 6
338 -42 263170 8
339 -36 263836 0
340 -4 264494 -2
341 -7 265156 10
342 -32 265816 -4
343 -46 266476 8
344 -39 267132 -12
345 -33 267788 -9
346 -19 268442 -8
347 -7 269092 11
348 -22 269742 -11
349 -42 270392 13
350 -6 271040 12
351 -24 271688 21
352 -1 272332 -10
353 -20 272978 8
354 -24 273624 -4
355 -29 274268 8
356 -48 274912 -3
357 -32 275550 5
358 -32 276192 12
359 -36 276834 10
360 -46 277474 -10
361 -62 278110 -3
362 -20 278744 11
363 -14 279380 -3
364 -20 280016 3
365 -33 280652 2
366 7 281284 -4
367 -21 281918 7
368 -30 282548 11
369 -31 283182 -7
370 -38 283816 -5
371 14 284448 -4
372 7 285078 -12
373 -3 285710 -9
374 -12 286340 -14
375 33 286970 -8
376 4 287602 -11
377 27 288232 -10
378 39 288860 -5
379 14 289488 -14
380 9 290116 -11
381 7 290744 -4
382 12 291372 21
383 0 291998 21
384 -29 292626 -6
385 0 293254 15
386 33 293882 -11
387 17 294506 -6
388 -9 295132 -10
389 8 295758 -5
390 17 296384 -8
391 11 297012 4
392 -14 297634 -2
393 -3 298258 8
394 -5 298880 -16
395 12 299504 -3
396 29 300128 0
397 -7 300752 0
398 -32 301374 -4
399 -12 302000 1
400 -17 302622 -2
401 -15 303246 5
402 -23 303864 0
403 -26 304486 5
404 -3 305108 4
405 -24 305728 -4
406 -11 306344 3
407 0 306966 -7
408 1 307586 1
409 1 308208 -6
410 -4 308826 -3
411 -6 309444 2
412 14 310060 -3
413 -22 310678 -12
414 -26 311296 19
415 -5 311914 17
416 -18 312534 -4
417 -5 313150 -5
418 -35 313768 -2
419 8 314386 25
420 -15 315004 1
421 -19 315618 -6
422 -10 316232 -10
423 25 316846 -18
424 -11 317458 -23
425 -4 318072 24
426 -15 318688 -9
427 0 319302 -14
428 -38 319918 -30
429 23 320532 25
430 19 321146 -20
431 -27 321758 -11
432 3 322370 -9
433 1 322980 -16
434 4 323592 -11
435 10 324202 1
436 -7 324812 7
437 -13 325424 4
438 -2 326034 8
439 9 326646 10
440 -4 327256 -11
441 1 327862 3
442 -19 328470 -13
443 -4 329078 4
444 -2 329686 6
445 -7 330292 0
446 -8 330898 10
447 0 331502 0
448 1 332108 3
449 17 332712 -9
450 -22 333318 1
451 -2 333920 -11
452 17 334524 -6
453 -8 335128 9
454 0 335730 0
455 -8 336330 -14
456 1 336930 -8
457 10 337530 -18
458 -13 338132 -18
459 -18 338730 13
460 1 339332 -7
461 -6 339932 13
462 8 340530 -14
463 -5 341132 -27
464 -6 341734 -26
465 -3 342334 10
466 -19 342932 -17
467 -9 343532 -17
468 -37 344132 16
469 -44 344732 10
470 -34 345328 6
471 -26 345928 -31
472 -31 346530 -14
473 -17 347126 12
474 0 347724 -16
475 -18 348320 -16
476 -12 348918 5
477 -9 349518 10
478 -39 350116 4
479 12 350712 -2
480 -14 351308 -20
481 -21 351900 12
482 -10 352496 -3
483 -11 353090 -25
484 -34 353684 -20
485 -12 354274 -23
486 -18 354868 -12
487 14 355460 -10
488 -19 356048 26
489 39 356638 -10
490 27 357224 -19
491 -11 357814 -19
492 -40 358404 -17
493 -33 358992 -17
494 -46 359580 -10
495 -47 360168 16
496 -6 360752 -20
497 -35 361338 -15
498 14 361924 14
499 -44 362508 -21
500 19 363092 10
501 -20 363676 12
502 -12 364262 -13
503 -43 364842 -18
504 4 365422 8
505 -22 366006 18
506 -27 366588 -19
507 -31 367166 -19
508 13 367746 -6
509 4 368326 -5
510 36 368908 5
511 29 369486 2
512 6 370064 5
513 -15 370642 -3
514 -53 371220 3
515 -20 371798 0
516 -38 372376 0
517 -31 372952 2
518 -44 373522 -3
519 -42 374098 0
520 -30 374674 0
521 -39 375250 7
522 -47 375822 12
523 -34 376390 2
524 -39 376954 0
525 -36 377526 -1
526 -18 378098 3
527 -54 378664 0
528 -11 379234 1
529 -22 379800 0
530 -58 380374 0
531 -8 380940 3
532 -48 381508 2
533 -34 382074 -12
534 -21 382642 -6
535 -54 383214 -6
536 -34 383782 0
537 -47 384346 0
538 -55 384906 6
539 -36 385470 -6
540 -38 386036 3
541 -50 386594 1
542 -36 387160 -10
543 -59 387726 -5
544 -38 388288 -7
545 -26 388848 -2
546 -34 389412 3
547 -35 389970 -8
548 -21 390530 -5
549 -18 391086 7
550 -45 391646 8
551 -22 392204 -4
552 -1 392762 0
553 -66 393318 0
554 -50 393872 -11
555 -26 394426 -2
556 -40 394976 -1
557 -46 395524 -1
558 -9 396076 -4
559 -42 396628 -2
560 -41 397174 3
561 -37 397720 0
562 -26 398266 -3
563 -40 398812 -1
564 -36 399360 -2
565 -35 399904 1
566 -34 400450 -9
567 -30 400990 7
568 -31 401530 -7
569 -20 402072 3
570 -58 402614 8
571 -36 403154 -4
572 2 403692 -3
573 -33 404228 8
574 -50 404762 -9
575 -25 405298 -3
576 -29 405836 -7
577 -20 406370 -7
578 -22 406902 -3
579 -26 407436 -7
580 -4 407968 -14
581 -24 408496 14
582 1 409026 18
583 -27 409558 -11
584 -8 410088 -8
585 1 410616 6
586 -34 411146 16
587 -16 411676 -12
588 -5 412200 -15
589 -9 412728 -16
590 -34 413252 20
591 1 413780 3
592 -44 414304 11
593 -29 414832 -8
594 -19 415356 13
595 -19 415880 15
596 -21 416400 12
597 0 416920 -11
598 -25 417442 12
599 -7 417964 5
600 -14 418484 16
601 -14 419000 1
602 -18 419520 13
603 -16 420042 12
604 -17 420560 9
605 -14 421080 3
606 -29 421596 15
607 -45 422112 -15
608 -24 422626 21
609 -18 423140 -12
610 -10 423654 -2
611 -34 424170 -6
612 -33 424686 -6
613 -32 425200 8
614 -38 425712 -7
615 -16 426224 -3
616 12 426734 -11
617 -18 427246 -11
618 5 427756 -7
619 -26 428268 -8
620 -20 428780 -5
621 -6 429286 7
622 -4 429796 -4
623 -19 430302 10
624 -32 430812 -5
625 -12 431320 -9
626 -10 431824 -8
627 -15 432332 5
628 -22 432840 6
629 -25 433348 -18
630 -22 433854 -4
631 -28 434354 11
632 -11 434860 -5
633 -18 435362 -4
634 -23 435866 2
635 -33 436372 -20
636 -11 436868 -15
637 -18 437372 4
638 -27 437876 4
639 -39 438380 -12
640 -31 438882 -9
641 -28 439380 7
642 -15 439884 5
643 -29 440386 -2
644 -49 440888 26
645 -14 441388 -4
646 -37 441884 18
647 -8 442386 0
648 -9 442886 10
649 -8 443388 -7
650 -5 443888 6
651 -17 444386 -4
652 -39 444886 -4
653 -18 445384 -7
654 -33 445882 -1
655 -9 446380 -1
656 -21 446874 10
657 -4 447372 -1
658 17 447870 11
659 -39 448368 -7
660 -39 448868 -8
661 -33 449364 -6
662 20 449860 9
663 -13 450358 -7
664 -19 450854 -12
665 -15 451348 9
666 -23 451844 -3
667 -13 452332 11
668 -18 452826 -3
669 -37 453318 -7
670 -35 453812 -7
671 -16 454306 -4
672 -20 454796 -4
673 -21 455290 -4
674 -16 455782 6
675 -7 456276 11
676 -14 456768 9
677 -19 457250 -3
678 -28 457744 16
679 -32 458234 -23
680 -25 458724 -25
681 -26 459214 13
682 -29 459698 -7
683 -10 460188 9
684 -19 460678 5
685 -42 461168 -12
686 -28 461656 5
687 -35 462142 8
688 -13 462630 -31
689 -7 463118 8
690 -28 463604 -25
691 -30 464088 -19
692 -47 464570 -17
693 -2 465050 -4
694 -26 465538 15
695 -11 466022 6
696 -10 466510 6
697 -12 466994 -30
698 -31 467480 -23
699 -31 467966 -11
700 -20 468450 9
701 -42 468934 -16
702 -31 469414 8
703 -9 469902 -16
704 -24 470384 6
705 -20 470870 9
706 -17 471352 -16
707 -8 471828 -10
708 -12 472312 6
709 -30 472792 12
710 -22 473272 -22
711 -24 473754 -19
712 -52 474230 -17
713 -22 474710 15
714 -31 475190 14
715 -16 475670 17
716 -24 476148 10
717 -13 476620 13
718 -16 477100 13
719 -7 477574 5
720 0 477574 5
0 0 0 0
0 0 0 0
0 0 0 0
0 0 0 0
