0 -36 834 0
1 -38 1674 0
2 -40 2516 0
3 -19 3358 0
4 -2 4196 0
5 -24 5036 0
6 -27 5876 0
7 -16 6718 0
8 -12 7558 0
9 -10 8400 0
10 -12 9244 -1
11 -25 10082 0
12 -3 10922 0
13 -31 11764 0
14 -17 12604 0
15 0 13444 0
16 -28 14284 0
17 -15 15122 0
18 1 15958 0
19 -2 16794 0
20 -27 17628 0
21 -28 18462 -1
22 -11 19298 0
23 -18 20132 0
24 -24 20968 0
25 -28 21800 0
26 -35 22632 0
27 -22 23470 0
28 -2 24304 -1
29 -32 25138 0
30 -26 25966 0
31 -26 26798 0
32 -4 27630 0
33 -60 28464 -1
34 10 29300 1
35 7 30134 0
36 -29 30970 0
37 -30 31808 0
38 -38 32642 -1
39 -3 33474 0
40 -15 34308 0
41 -30 35142 -1
42 -41 35976 0
43 11 36802 0
44 -15 37634 0
45 -25 38466 0
46 -12 39298 0
47 12 40126 0
48 -43 40956 0
49 -17 41782 -1
50 -32 42608 0
51 -30 43438 0
52 -31 44262 -1
53 -23 45092 0
54 -27 45920 0
55 3 46750 0
56 -16 47578 0
57 -14 48402 0
58 -27 49226 -1
59 -29 50052 0
60 -24 50878 0
61 -19 51698 0
62 2 52522 -1
63 -3 53346 0
64 -12 54166 0
65 -26 54988 0
66 -16 55812 -1
67 -26 56630 0
68 -12 57450 0
69 -1 58270 0
70 -29 59090 0
71 -26 59908 0
72 -33 60726 0
73 -30 61546 -1
74 -25 62366 0
75 -35 63188 0
76 -10 64008 0
77 -45 64828 0
78 -44 65642 0
79 -8 66460 -1
80 -17 67276 0
81 -5 68090 0
82 -29 68902 0
83 -25 69718 0
84 -19 70524 0
85 -33 71334 0
86 -39 72148 0
87 -32 72954 0
88 -1 73764 0
89 -37 74570 0
90 -19 75388 0
91 3 76198 0
92 -22 77010 0
93 -39 77822 -1
94 -20 78634 0
95 -7 79440 0
96 -29 80250 0
97 -21 81060 -1
98 -29 81876 0
99 -2 82686 0
100 -16 83494 0
101 -6 84306 0
102 -34 85110 0
103 0 85916 0
104 -13 86722 0
105 -38 87530 0
106 -45 88336 0
107 -34 89140 0
108 -11 89944 0
109 -29 90748 0
110 -5 91552 0
111 -13 92350 0
112 -30 93152 0
113 -15 93954 0
114 -4 94756 0
115 -7 95560 -1
116 -12 96364 0
117 -22 97168 0
118 -20 97972 0
119 -5 98774 0
120 -11 99582 0
121 -7 100384 0
122 -50 101186 -1
123 -59 101986 0
124 -30 102786 -1
125 -11 103584 0
126 -1 104384 0
127 -34 105186 -1
128 -6 105984 0
129 -15 106778 0
130 0 107578 -1
131 -28 108376 -1
132 -37 109170 -1
133 -11 109966 0
134 -50 110762 0
135 -32 111556 0
136 -33 112350 0
137 -41 113142 -1
138 -7 113938 0
139 -2 114734 0
140 -23 115530 0
141 -7 116326 0
142 -15 117122 0
143 -33 117912 0
144 -37 118702 0
145 -21 119492 0
146 -5 120286 0
147 -22 121080 0
148 -13 121866 0
149 -45 122656 0
150 -19 123444 0
151 -13 124234 0
152 -11 125024 0
153 -30 125812 0
154 -51 126600 0
155 -37 127382 0
156 -37 128170 0
157 -58 128954 0
158 -16 129740 0
159 -4 130526 0
160 -18 131310 0
161 -10 132092 0
162 -14 132870 1
163 -18 133650 0
164 -23 134430 0
165 -48 135210 0
166 -27 135994 0
167 -10 136774 -1
168 -18 137556 0
169 -48 138334 0
170 -4 139108 0
171 -22 139884 0
172 -24 140662 0
173 -38 141440 0
174 -17 142216 0
175 -14 142990 0
176 2 143766 0
177 -32 144544 0
178 -10 145322 0
179 -19 146100 0
180 -39 146876 0
181 -38 147648 0
182 -30 148422 0
183 -20 149196 0
184 -37 149970 0
185 -67 150742 0
186 -20 151512 -1
187 6 152282 0
188 7 153058 0
189 -9 153832 0
190 -12 154604 0
191 -15 155374 0
192 1 156142 0
193 16 156912 0
194 -22 157680 0
195 -24 158448 -1
196 -7 159216 0
197 -12 159986 0
198 -20 160756 0
199 23 161526 0
200 -41 162296 0
201 -20 163054 0
202 1 163820 0
203 -10 164586 -1
204 -37 165352 0
205 -42 166116 0
206 -1 166882 0
207 -31 167646 -1
208 -15 168412 0
209 -18 169172 0
210 -4 169936 0
211 -32 170700 -1
212 -9 171462 0
213 -1 172226 0
214 8 172986 0
215 16 173748 0
216 5 174510 0
217 -20 175270 0
218 -12 176032 0
219 9 176788 0
220 -38 177550 0
221 -21 178304 0
222 -24 179062 0
223 -40 179818 0
224 14 180576 0
225 -36 181336 0
226 -19 182094 -1
227 14 182848 -1
228 -25 183606 0
229 3 184360 0
230 -25 185114 0
231 -9 185872 0
232 -17 186622 0
233 -41 187374 0
234 -31 188126 0
235 -6 188878 0
236 -36 189634 0
237 -5 190388 -1
238 -22 191140 0
239 -6 191896 0
240 -26 192648 0
241 -26 193400 0
242 -29 194150 0
243 -39 194900 -1
244 -25 195652 0
245 -39 196400 0
246 -35 197152 0
247 -17 197902 0
248 -23 198648 0
249 -8 199394 0
250 11 200140 -1
251 -17 200888 0
252 15 201634 0
253 6 202380 -1
254 -13 203126 0
255 12 203866 0
256 -5 204614 -1
257 16 205360 -1
258 -35 206106 0
259 0 206848 0
260 -7 207592 -1
261 -23 208334 0
262 10 209076 0
263 5 209820 -1
264 -5 210564 0
265 0 211310 0
266 -2 212050 0
267 4 212792 0
268 -19 213534 0
269 -24 214272 0
270 1 215014 0
271 -8 215752 0
272 -21 216488 0
273 20 217226 0
274 -6 217962 0
275 42 218700 0
276 -36 219434 0
277 21 220172 0
278 -31 220906 0
279 -8 221642 0
280 -43 222382 -1
281 17 223116 0
282 -38 223852 0
283 13 224590 0
284 -26 225326 -1
285 -37 226062 0
286 -5 226794 0
287 5 227528 0
288 -7 228260 0
289 -31 228994 0
290 -17 229726 0
291 -9 230456 0
292 21 231188 -1
293 -2 231924 0
294 6 232654 0
295 -13 233382 0
296 9 234116 0
297 -12 234842 0
298 -8 235570 0
299 14 236292 0
300 -15 237010 0
301 -12 237734 0
302 -20 238458 0
303 2 239178 0
304 -6 239896 0
305 -9 240618 -1
306 11 241336 0
307 14 242054 0
308 -10 242768 0
309 -28 243482 0
310 -22 244196 0
311 -2 244908 0
312 -28 245620 0
313 10 246322 0
314 -7 247032 0
315 -5 247734 0
316 6 248438 0
317 24 249138 0
318 -31 249840 0
319 -26 250540 0
320 -25 251240 -1
321 -25 251938 0
322 -7 252632 0
323 -6 253322 0
324 -1 254008 -1
325 -25 254692 0
326 11 255376 0
327 -30 256056 0
328 14 256740 0
329 2 257418 0
330 1 258092 0
331 -8 258770 0
332 -7 259446 0
333 -11 260118 0
334 -16 260792 0
335 -29 261458 0
336 -9 262126 0
337 -7 262792 0
338 -30 263456 0
339 -23 264120 0
340 2 264780 -1
341 29 265436 0
342 -24 266092 0
343 -22 266750 0
344 -10 267404 -1
345 -1 268062 0
346 -17 268714 0
347 8 269366 0
348 -25 270020 -1
349 -19 270668 -1
350 11 271312 -1
351 9 271956 0
352 -10 272602 0
353 16 273244 0
354 4 273892 0
355 -6 274534 0
356 21 275176 -1
357 4 275818 -1
358 16 276420 -1
359 -34 276990 0
360 -16 277602 0
361 -1 278218 0
362 -19 278850 -1
363 -12 279478 0
364 -4 280108 -1
365 -28 280734 0
366 -30 281362 0
367 14 281990 0
368 -24 282620 0
369 11 283248 0
370 -29 283880 0
371 -10 284502 -1
372 14 285114 -1
373 -38 285714 0
374 4 286326 -1
375 -13 286944 0
376 -21 287574 -1
377 -37 288192 0
378 -40 288806 0
379 -41 289436 -1
380 -29 290022 0
381 -8 290628 -1
382 9 291252 0
383 -19 291882 0
384 32 292512 0
385 0 293140 0
386 -17 293768 0
387 8 294394 0
388 -30 295026 0
389 -15 295652 0
390 -6 296280 0
391 -5 296906 0
392 -24 297532 0
393 -1 298158 -1
394 -41 298784 0
395 -52 299410 0
396 -25 300034 0
397 -21 300656 0
398 -17 301282 0
399 -32 301904 0
400 -49 302530 0
401 8 303156 0
402 -23 303778 0
403 -19 304402 -1
404 -19 305024 0
405 -43 305648 0
406 -52 306272 0
407 -16 306894 0
408 -6 307516 0
409 -8 308136 0
410 -46 308758 0
411 -44 309376 0
412 -13 309998 -1
413 18 310616 0
414 10 311230 0
415 -10 311852 -1
416 -21 312472 0
417 -17 313094 0
418 -44 313712 0
419 -7 314328 0
420 -19 314942 -1
421 -1 315562 0
422 -14 316180 -1
423 -19 316792 0
424 -32 317408 0
425 11 318018 -1
426 -22 318634 0
427 -6 319246 0
428 -14 319856 -1
429 -27 320466 0
430 -9 321080 0
431 -22 321692 0
432 -19 322304 0
433 -25 322916 0
434 -29 323528 0
435 6 324142 0
436 -1 324750 0
437 14 325362 0
438 8 325972 0
439 3 326580 0
440 3 327194 0
441 -10 327804 0
442 -6 328410 0
443 -14 329014 -1
444 -22 329620 0
445 -17 330228 0
446 -14 330834 0
447 -35 331438 0
448 -19 332042 0
449 -40 332648 0
450 -3 333252 0
451 9 333856 0
452 -9 334460 0
453 18 335062 0
454 -20 335668 0
455 -28 336274 0
456 11 336878 0
457 27 337480 0
458 -24 338082 0
459 -16 338682 -1
460 -25 339284 0
461 -3 339884 0
462 -17 340490 0
463 -33 341092 0
464 0 341692 0
465 10 342288 0
466 -39 342890 0
467 -9 343488 0
468 -31 344082 0
469 -1 344684 -1
470 28 345284 0
471 -4 345878 -1
472 -45 346472 0
473 -43 347066 0
474 -2 347660 0
475 -15 348252 0
476 -42 348842 0
477 -18 349428 -1
478 16 350024 -1
479 14 350614 0
480 25 351204 -1
481 20 351792 0
482 -21 352382 0
483 -14 352972 0
484 19 353560 0
485 -2 354148 0
486 25 354736 0
487 5 355328 -1
488 8 355916 0
489 3 356504 0
490 16 357088 -1
491 4 357672 0
492 1 358260 0
493 -7 358842 0
494 15 359426 0
495 18 360012 0
496 4 360592 -1
497 4 361172 0
498 4 361752 0
499 17 362332 0
500 11 362912 0
501 -9 363494 -1
502 -26 364070 0
503 7 364576 0
504 4 365120 -1
505 -9 365696 0
506 -14 366276 0
507 -8 366852 -1
508 -3 367424 0
509 -7 368002 0
510 -10 368576 -1
511 10 369154 0
512 -2 369728 -1
513 7 370302 0
514 3 370872 -1
515 -6 371442 0
516 -35 372018 0
517 12 372588 0
518 15 373160 0
519 2 373730 0
520 17 374300 -1
521 5 374866 0
522 -3 375434 0
523 9 376000 0
524 10 376570 -1
525 14 377132 0
526 19 377694 0
527 -13 378264 -1
528 38 378830 0
529 -4 379392 -1
530 -40 379960 0
531 -5 380518 0
532 15 381082 0
533 -12 381640 0
534 -38 382200 -1
535 46 382760 0
536 -4 383320 0
537 21 383880 0
538 25 384444 0
539 24 384996 0
540 2 385550 0
541 1 386102 0
542 27 386654 -1
543 14 387208 0
544 -13 387764 0
545 7 388312 0
546 -13 388864 0
547 1 389412 0
548 8 389966 0
549 21 390520 0
550 15 391064 0
551 -37 391610 -1
552 -10 392164 0
553 21 392704 -1
554 8 393242 0
555 18 393784 0
556 -6 394326 0
557 10 394862 0
558 -7 395412 0
559 7 395952 0
560 17 396494 0
561 -7 397032 0
562 0 397570 0
563 6 398106 0
564 -39 398648 0
565 25 399180 0
566 11 399720 0
567 -12 400252 0
568 23 400782 0
569 18 401322 0
570 2 401864 0
571 -4 402394 0
572 -4 402932 0
573 15 403466 0
574 6 404004 0
575 29 404534 -1
576 33 405062 0
577 7 405596 0
578 -3 406128 0
579 -7 406656 -1
580 -2 407182 0
581 36 407710 -1
582 20 408232 0
583 23 408758 0
584 2 409288 0
585 -11 409810 -1
586 -4 410328 0
587 -3 410854 0
588 3 411376 0
589 8 411896 0
590 19 412414 0
591 -22 412934 0
592 7 413452 0
593 -21 413968 0
594 22 414484 0
595 14 415000 0
596 10 415512 0
597 17 416026 -1
598 21 416542 0
599 20 417052 -1
600 9 417566 0
601 -17 418076 0
602 21 418586 0
603 19 419096 0
604 5 419604 0
605 1 420118 0
606 2 420630 0
607 20 421136 0
608 19 421650 0
609 14 422160 0
610 3 422672 0
611 -8 423182 -1
612 -5 423692 0
613 8 424200 0
614 9 424708 0
615 13 425216 0
616 16 425722 0
617 0 426230 0
618 11 426738 -1
619 39 427240 0
620 3 427744 0
621 -17 428248 -1
622 31 428752 0
623 -13 429256 0
624 7 429756 -1
625 -11 430260 0
626 17 430762 -1
627 2 431262 0
628 -7 431758 0
629 20 432256 0
630 4 432754 0
631 19 433256 0
632 -5 433754 0
633 7 434254 0
634 18 434752 0
635 -3 435254 0
636 5 435754 0
637 -16 436254 0
638 28 436752 0
639 -7 437248 0
640 9 437748 0
641 0 438246 0
642 6 438744 0
643 7 439246 -1
644 22 439738 0
645 1 440236 0
646 35 440732 0
647 32 441228 0
648 -15 441726 0
649 -4 442218 -1
650 -9 442714 0
651 22 443210 0
652 0 443702 0
653 -11 444198 0
654 11 444692 0
655 26 445184 0
656 -12 445678 0
657 -14 446172 0
658 -20 446668 -1
659 22 447160 -1
660 7 447650 0
661 -40 448142 0
662 20 448630 -1
663 -13 449126 -1
664 14 449620 0
665 -2 450106 0
666 1 450602 -1
667 0 451090 0
668 6 451580 0
669 12 452072 0
670 8 452560 0
671 7 453050 0
672 6 453542 0
673 -26 454030 -1
674 6 454516 0
675 16 455006 0
676 39 455496 0
677 -1 455984 0
678 16 456474 0
679 4 456964 0
680 5 457446 0
681 3 457936 0
682 -10 458422 0
683 0 458908 0
684 21 459394 0
685 6 459878 0
686 -3 460360 0
687 8 460846 0
688 8 461332 0
689 1 461816 0
690 0 462302 0
691 0 462786 0
692 19 463272 0
693 -9 463750 0
694 -4 464236 0
695 10 464710 0
696 26 465194 0
697 14 465678 0
698 19 466154 0
699 20 466640 0
700 23 467112 0
701 44 467596 0
702 27 468082 0
703 33 468556 0
704 13 469038 0
705 25 469514 -1
706 -7 469986 0
707 -4 470462 0
708 12 470934 0
709 1 471412 0
710 0 471880 0
711 28 472356 0
712 14 472836 0
713 -1 473312 0
714 0 473780 -1
715 -12 474242 0
716 25 474712 0
717 -9 475190 0
718 -27 475662 0
719 -24 476128 0
720 0 476128 0
0 0 0 0
0 0 0 0
0 0 0 0
0 0 0 0
