0 -26 592 6
1 5 1210 0
2 -4 1828 -4
3 -3 2448 -8
4 0 3070 7
5 -19 3692 -14
6 3 4312 7
7 3 4932 0
8 4 5552 -10
9 -2 6172 -5
10 -36 6792 15
11 -5 7412 -6
12 15 8032 0
13 -16 8654 16
14 6 9272 -7
15 14 9890 -3
16 2 10508 11
17 11 11124 -9
18 13 11742 7
19 3 12360 13
20 15 12978 5
21 -18 13596 3
22 11 14218 1
23 7 14834 4
24 2 15452 1
25 -15 16068 1
26 19 16686 0
27 -25 17302 -4
28 -10 17916 -8
29 14 18534 -11
30 -10 19150 -10
31 20 19766 6
32 -11 20386 -3
33 -12 21002 6
34 -2 21620 1
35 2 22236 -6
36 -4 22854 -9
37 4 23472 -5
38 5 24088 -4
39 -40 24700 0
40 -2 25314 20
41 -5 25930 1
42 -4 26546 1
43 0 27160 1
44 -6 27774 4
45 8 28394 -3
46 -16 29012 -6
47 -27 29630 2
48 -17 30250 0
49 7 30870 3
50 26 31488 0
51 5 32104 -5
52 10 32716 11
53 23 33330 5
54 -16 33944 -3
55 -10 34562 11
56 -9 35174 -2
57 7 35788 4
58 -14 36404 -1
59 0 37020 -1
60 8 37634 -1
61 -7 38248 -6
62 13 38862 -6
63 6 39476 -6
64 -17 40090 4
65 12 40702 -1
66 -8 41316 4
67 17 41930 7
68 9 42544 2
69 -15 43160 14
70 6 43776 -7
71 -9 44390 4
72 -7 45002 12
73 -12 45616 1
74 -2 46230 3
75 -19 46842 2
76 -11 47454 -5
77 5 48068 -2
78 -9 48680 1
79 15 49292 7
80 -5 49904 -10
81 -35 50516 -2
82 2 51128 -5
83 21 51736 5
84 6 52346 4
85 17 52958 -9
86 -17 53566 -3
87 21 54178 0
88 -12 54786 0
89 22 55396 13
90 -6 56010 17
91 -10 56618 5
92 16 57228 -7
93 -4 57838 -2
94 -3 58448 -3
95 -6 59058 7
96 29 59668 -9
97 0 60278 -11
98 -17 60888 -20
99 -9 61498 -3
100 4 62108 9
101 1 62718 -1
102 -7 63324 6
103 -6 63932 0
104 14 64542 17
105 29 65152 6
106 -2 65762 -6
107 -27 66370 0
108 6 66978 19
109 -25 67586 10
110 2 68194 -8
111 -4 68800 0
112 -3 69406 4
113 -23 70014 3
114 4 70620 7
115 6 71228 0
116 -30 71834 -9
117 -2 72438 -1
118 -9 73046 -10
119 15 73654 -10
120 -5 74260 0
121 -5 74866 -9
122 -29 75468 -1
123 -6 76072 -5
124 -19 76680 -5
125 9 77284 2
126 -18 77892 -4
127 -36 78498 6
128 12 79104 1
129 -22 79708 -1
130 -20 80312 -10
131 -9 80914 -5
132 -5 81520 -8
133 4 82124 5
134 -34 82726 -11
135 -21 83332 0
136 6 83936 -3
137 -8 84540 9
138 -29 85144 -2
139 5 85748 -15
140 29 86354 11
141 -16 86960 7
142 -17 87566 1
143 -11 88176 -1
144 -10 88782 -9
145 -2 89390 1
146 10 89994 14
147 6 90600 -3
148 -2 91204 15
149 8 91806 4
150 1 92414 14
151 -31 93016 9
152 10 93618 0
153 11 94220 -5
154 -7 94822 -5
155 -16 95426 15
156 -22 96032 12
157 -7 96634 13
158 8 97238 19
159 1 97838 -6
160 -3 98436 4
161 -3 99036 -1
162 12 99636 0
163 -5 100234 1
164 -7 100834 3
165 -25 101434 5
166 -13 102032 -12
167 -20 102632 17
168 -22 103232 0
169 2 103828 -10
170 -6 104428 2
171 14 105026 5
172 7 105626 -7
173 -1 106224 1
174 0 106824 -2
175 -17 107424 2
176 -13 108022 0
177 -23 108618 0
178 1 109214 -11
179 -12 109810 -4
180 -60 110404 0
181 -15 110998 7
182 -25 111592 1
183 9 112188 9
184 -16 112784 -2
185 2 113378 9
186 -6 113972 -3
187 -29 114568 9
188 -9 115164 0
189 -27 115758 3
190 -21 116352 0
191 -12 116944 -19
192 -5 117536 16
193 2 118128 -7
194 -3 118720 -12
195 37 119312 20
196 12 119902 10
197 13 120494 20
198 -26 121084 -1
199 8 121674 17
200 5 122262 -5
201 -11 122856 1
202 4 123446 0
203 -19 124034 4
204 -16 124626 0
205 32 125212 2
206 -29 125798 -4
207 -14 126386 4
208 -16 126974 0
209 -4 127562 -9
210 8 128152 0
211 1 128740 4
212 22 129326 -8
213 32 129914 2
214 -12 130498 -22
215 -8 131086 -10
216 -1 131674 4
217 -14 132264 -4
218 20 132852 -12
219 1 133440 5
220 -14 134024 4
221 -17 134608 5
222 6 135192 2
223 14 135782 3
224 -27 136370 2
225 -5 136958 -4
226 4 137544 10
227 -2 138132 -4
228 -37 138718 1
229 -26 139300 1
230 0 139884 7
231 -11 140468 -10
232 -2 141050 -3
233 -6 141632 2
234 1 142214 8
235 -12 142798 -4
236 -19 143382 -5
237 13 143968 7
238 -7 144550 1
239 -9 145132 5
240 -26 145714 8
241 9 146296 0
242 1 146874 7
243 23 147456 -1
244 -16 148040 -2
245 -10 148624 -1
246 17 149208 5
247 19 149790 -1
248 4 150370 7
249 -44 150950 -6
250 13 151530 -6
251 7 152112 -3
252 -3 152694 -12
253 -6 153276 1
254 -22 153856 5
255 6 154434 0
256 1 155014 0
257 2 155594 -4
258 3 156172 3
259 6 156754 -10
260 18 157334 -1
261 -16 157914 -4
262 23 158494 5
263 -22 159074 0
264 -19 159656 -7
265 14 160234 -6
266 -18 160814 13
267 1 161392 -9
268 -15 161972 -5
269 35 162552 1
270 -4 163132 8
271 -7 163712 10
272 2 164290 10
273 -18 164866 -2
274 3 165444 11
275 5 166022 -19
276 -4 166602 -4
277 -15 167180 -2
278 -2 167760 -5
279 17 168338 -16
280 -18 168914 12
281 15 169490 2
282 2 170068 16
283 -12 170646 7
284 28 171224 -8
285 -16 171802 -18
286 -25 172378 -9
287 8 172954 -3
288 15 173530 -7
289 12 174106 -4
290 -15 174684 4
291 1 175262 6
292 11 175836 -18
293 -10 176412 11
294 9 176988 1
295 -10 177564 2
296 -20 178140 0
297 -9 178716 5
298 14 179290 3
299 -4 179864 9
300 -15 180440 8
301 -3 181014 -3
302 -18 181588 4
303 -25 182162 1
304 -8 182736 0
305 -2 183310 0
306 5 183882 -2
307 3 184452 -4
308 -6 185028 -3
309 2 185600 -7
310 36 186174 -3
311 3 186746 -4
312 -14 187320 0
313 6 187894 -6
314 -15 188470 0
315 -6 189044 -3
316 -10 189618 -2
317 9 190188 -15
318 -13 190756 -20
319 18 191328 -2
320 -21 191900 -7
321 4 192472 8
322 -2 193044 -5
323 -6 193616 -5
324 9 194188 8
325 -4 194762 8
326 8 195336 -6
327 -33 195908 -9
328 35 196478 -3
329 3 197050 2
330 9 197622 10
331 -18 198192 -6
332 -14 198764 14
333 7 199336 -2
334 1 199908 4
335 -17 200482 -4
336 -19 201050 17
337 23 201616 -6
338 -15 202188 0
339 -33 202758 15
340 -8 203328 -7
341 6 203900 -5
342 1 204470 -11
343 -5 205040 -5
344 5 205610 -7
345 17 206180 7
346 -3 206752 -10
347 26 207322 3
348 3 207890 9
349 -9 208458 10
350 -21 209024 -20
351 -5 209592 -5
352 27 210158 -22
353 6 210724 0
354 4 211290 -4
355 3 211856 -1
356 -25 212426 -4
357 -41 212992 -5
358 9 213560 -7
359 -7 214128 -4
360 -6 214696 -5
361 -17 215262 -6
362 -22 215830 -6
363 9 216394 -2
364 4 216960 2
365 8 217524 -1
366 -15 218090 0
367 -18 218654 0
368 -21 219220 -4
369 -8 219790 -1
370 -17 220362 -6
371 -26 220930 -5
372 1 221496 -7
373 -2 222064 0
374 -22 222630 0
375 -6 223198 -1
376 -16 223766 2
377 -18 224332 0
378 0 224900 2
379 -44 225466 1
380 -18 226032 9
381 -15 226600 7
382 -22 227164 8
383 -3 227730 -7
384 -21 228294 5
385 8 228856 3
386 -7 229420 3
387 15 229988 6
388 -22 230552 8
389 5 231116 8
390 -31 231678 7
391 -22 232240 2
392 -11 232800 5
393 10 233362 -9
394 -12 233922 -4
395 0 234484 -9
396 -5 235046 0
397 1 235606 -5
398 0 236164 8
399 -32 236726 -6
400 -20 237284 6
401 7 237838 -3
402 -12 238394 0
403 -14 238950 7
404 -3 239506 0
405 9 240064 -1
406 19 240624 -4
407 -43 241182 4
408 4 241738 -1
409 -9 242292 -7
410 -7 242846 -4
411 3 243396 -5
412 -7 243946 7
413 -16 244498 4
414 -3 245048 5
415 -22 245594 7
416 10 246142 -6
417 25 246688 -4
418 -18 247236 -2
419 -3 247782 -2
420 7 248326 0
421 -12 248872 1
422 5 249416 -1
423 0 249956 3
424 -21 250496 -5
425 9 251038 3
426 -3 251576 5
427 8 252112 5
428 -5 252648 10
429 -7 253184 1
430 -33 253722 9
431 13 254256 0
432 -7 254792 10
433 -12 255328 10
434 -13 255858 -2
435 3 256388 -18
436 -13 256920 -1
437 -12 257454 -4
438 -25 257984 11
439 3 258512 -2
440 -28 259042 21
441 8 259568 19
442 -15 260094 19
443 -23 260620 -6
444 1 261146 -2
445 -1 261668 -2
446 16 262194 13
447 -2 262716 -13
448 23 263238 -9
449 11 263760 -10
450 -4 264282 -11
451 -31 264800 13
452 11 265320 -14
453 -6 265842 -1
454 -11 266358 -23
455 -24 266876 8
456 -10 267394 5
457 -17 267910 9
458 -14 268424 1
459 -11 268938 5
460 -25 269452 13
461 -6 269968 5
462 -3 270482 6
463 -20 270994 5
464 -20 271506 -2
465 -8 272018 0
466 5 272530 -7
467 -19 273040 -5
468 -14 273550 2
469 -22 274056 1
470 -22 274564 -1
471 1 275070 -6
472 -1 275576 11
473 -6 276082 12
474 -27 276590 -5
475 -32 277094 -2
476 -20 277598 11
477 -24 278102 3
478 4 278606 -2
479 7 279108 0
480 -14 279614 12
481 -17 280118 0
482 -5 280622 2
483 7 281124 2
484 -9 281626 3
485 16 282126 -9
486 -7 282628 -9
487 -2 283128 -1
488 5 283630 1
489 -14 284130 -8
490 -3 284630 -4
491 -16 285130 5
492 -5 285630 5
493 -10 286128 4
494 -2 286628 2
495 -27 287126 -22
496 6 287624 -16
497 -17 288122 -4
498 23 288620 0
499 -10 289118 -3
500 21 289614 -3
501 2 290112 -1
502 6 290610 7
503 -34 291106 -3
504 -3 291600 -6
505 -7 292098 -3
506 -21 292592 -1
507 -39 293086 -3
508 -23 293580 3
509 -4 294076 -8
510 -5 294572 4
511 -10 295068 8
512 1 295564 -11
513 -26 296058 -8
514 7 296552 0
515 -11 297044 5
516 4 297538 -12
517 -7 298032 -10
518 -3 298526 -9
519 -12 299020 3
520 2 299518 -5
521 -16 300014 0
522 -13 300512 3
523 8 301008 -4
524 -16 301504 0
525 -2 302000 -3
526 6 302496 0
527 -18 302990 0
528 -3 303480 -1
529 10 303972 -4
530 -19 304462 -2
531 -17 304952 14
532 17 305444 7
533 5 305936 4
534 -1 306426 3
535 -15 306918 -2
536 -5 307408 5
537 -18 307900 -11
538 -17 308388 1
539 -13 308878 4
540 5 309370 -14
541 -21 309862 7
542 -7 310350 2
543 -15 310836 5
544 -4 311324 3
545 2 311812 18
546 -22 312300 -5
547 -14 312790 -5
548 -19 313278 -8
549 -15 313766 7
550 -7 314256 -13
551 1 314744 2
552 19 315232 -12
553 -30 315718 -17
554 6 316208 -15
555 -10 316700 -2
556 16 317192 -4
557 7 317682 6
558 -4 318172 0
559 -5 318660 -6
560 -23 319150 -17
561 8 319638 1
562 32 320126 -4
563 -12 320612 -1
564 -3 321100 -1
565 6 321586 4
566 -28 322072 2
567 -4 322558 -9
568 -38 323044 2
569 -6 323532 -9
570 -15 324020 -8
571 7 324508 -1
572 13 324994 -1
573 8 325480 0
574 9 325966 -4
575 -30 326450 -2
576 9 326934 -3
577 6 327420 -1
578 -14 327906 -3
579 -16 328390 -1
580 -21 328874 12
581 -14 329356 -6
582 -15 329840 -5
583 -24 330326 -2
584 -17 330812 6
585 -24 331294 9
586 8 331776 -5
587 -6 332258 3
588 8 332740 0
589 -38 333224 2
590 4 333704 -13
591 9 334186 -3
592 -7 334668 5
593 -9 335148 -12
594 -5 335628 -7
595 -19 336112 4
596 16 336596 -11
597 2 337080 -3
598 -16 337564 0
599 -9 338048 -2
600 -17 338528 -4
601 -16 339008 -12
602 -12 339488 -9
603 -4 339968 1
604 -18 340446 -2
605 -2 340928 0
606 -8 341410 -4
607 -5 341890 0
608 -24 342368 -5
609 -30 342844 -4
610 -45 343322 4
611 -32 343798 -6
612 -18 344268 -2
613 -8 344748 19
614 8 345224 0
615 -2 345702 -1
616 -37 346182 -6
617 -10 346656 0
618 -17 347132 0
619 -45 347606 2
620 17 348078 -2
621 0 348552 -5
622 -11 349026 6
623 26 349500 10
624 8 349970 -13
625 -9 350448 0
626 15 350922 2
627 -9 351396 0
628 -27 351872 -1
629 -31 352344 0
630 -13 352814 1
631 -1 353286 -4
632 0 353760 -1
633 -5 354232 -11
634 4 354704 -13
635 -27 355176 -1
636 -23 355650 -6
637 -10 356122 11
638 -6 356598 -4
639 8 357070 12
640 -33 357538 -3
641 -17 358008 11
642 -37 358478 14
643 -22 358946 11
644 -19 359416 17
645 -32 359884 16
646 -6 360354 -4
647 -13 360822 13
648 -14 361292 11
649 -26 361758 17
650 -25 362224 -6
651 -23 362694 -5
652 -26 363162 -1
653 6 363628 8
654 -10 364096 0
655 -12 364560 12
656 -32 365026 10
657 -4 365492 16
658 -8 365960 -1
659 -26 366426 -5
660 -26 366890 -5
661 -22 367358 -8
662 -23 367824 -5
663 -18 368286 4
664 -5 368750 0
665 -16 369214 2
666 -26 369678 -6
667 6 370140 -5
668 0 370600 -4
669 -28 371062 4
670 -23 371522 7
671 -4 371982 3
672 -17 372446 4
673 -17 372906 -6
674 -30 373368 -3
675 -14 373824 0
676 -22 374286 13
677 2 374744 -6
678 -22 375204 7
679 -19 375660 -8
680 -7 376116 -3
681 -28 376576 -2
682 -25 377034 15
683 -23 377492 14
684 -26 377948 7
685 -36 378400 5
686 -23 378858 1
687 -7 379312 4
688 -18 379766 5
689 -13 380220 -4
690 -23 380672 5
691 -5 381128 -1
692 -15 381584 0
693 9 382036 4
694 34 382488 -1
695 28 382940 -3
696 13 383390 2
697 -19 383842 3
698 9 384290 3
699 7 384738 -1
700 20 385186 3
701 -4 385634 -2
702 -14 386084 0
703 -14 386532 -3
704 -3 386982 1
705 4 387430 3
706 -21 387876 -1
707 -17 388324 3
708 8 388770 0
709 -3 389216 0
710 -10 389660 4
711 3 390102 4
712 -10 390550 -3
713 11 390994 1
714 6 391438 -6
715 -24 391882 -10
716 -22 392322 -6
717 -3 392764 -7
718 -9 393206 10
719 9 393650 -10
720 3 394092 -10
721 0 394532 3
722 -16 394974 6
723 -5 395414 -8
724 32 395852 5
725 8 396290 -8
726 26 396726 2
727 -14 397164 9
728 7 397602 7
729 -1 398038 5
730 -20 398476 6
731 -15 398906 5
732 5 399344 5
733 3 399780 -2
734 -13 400216 2
735 -13 400648 -2
736 1 401082 -3
737 20 401516 6
738 -14 401950 -1
739 -5 402386 7
740 8 402820 10
741 -4 403250 -4
742 3 403686 -4
743 1 404120 -2
744 11 404554 -1
745 -1 404984 0
746 11 405414 5
747 -4 405844 -1
748 -10 406274 -2
749 4 406706 6
750 -6 407134 2
751 -1 407560 8
752 -16 407990 9
753 5 408422 -8
754 29 408852 3
755 -4 409280 5
756 9 409706 4
757 16 410132 8
758 4 410560 5
759 5 410988 7
760 15 411416 9
761 13 411842 5
762 -12 412266 0
763 -1 412694 3
764 10 413120 3
765 27 413544 7
766 19 413970 -3
767 -9 414392 6
768 -24 414816 -6
769 -24 415236 8
770 -20 415658 3
771 13 416080 4
772 -23 416502 6
773 1 416924 8
774 -13 417348 8
775 16 417772 5
776 -52 418194 3
777 -13 418614 0
778 2 419036 -1
779 -5 419458 4
780 1 419876 0
781 -38 420296 0
782 -22 420716 -1
783 -9 421138 8
784 2 421558 -3
785 -16 421978 3
786 2 422396 8
787 5 422812 5
788 -1 423232 7
789 -9 423652 3
790 18 424074 7
791 2 424490 2
792 10 424906 4
793 -15 425324 4
794 -9 425740 8
795 24 426158 4
796 -30 426574 3
797 2 426988 8
798 -16 427406 6
799 -20 427822 10
800 1 428240 7
801 7 428658 6
802 -10 429070 1
803 -10 429488 4
804 3 429904 3
805 14 430320 3
806 -26 430736 5
807 5 431148 4
808 21 431562 6
809 -25 431976 5
810 -11 432392 4
811 14 432806 9
812 17 433218 8
813 25 433632 4
814 -3 434048 3
815 -4 434462 3
816 12 434876 6
817 -9 435290 5
818 23 435698 6
819 -12 436110 8
820 -11 436524 4
821 -2 436936 7
822 -5 437348 5
823 -1 437758 3
824 -26 438172 8
825 -28 438584 5
826 4 438996 5
827 -20 439408 5
828 15 439816 6
829 15 440228 0
830 1 440636 8
831 -20 441044 10
832 3 441452 4
833 -10 441858 5
834 -7 442268 8
835 -15 442678 5
836 -2 443088 3
837 21 443498 8
838 -2 443904 7
839 -10 444314 11
840 6 444722 4
841 2 445130 8
842 -13 445538 7
843 -5 445942 5
844 -12 446350 -1
845 -3 446758 5
846 -10 447166 7
847 -12 447572 5
848 11 447974 7
849 -12 448382 10
850 13 448786 2
851 -7 449194 3
852 12 449598 8
853 -17 450000 12
854 0 450406 7
855 -17 450812 3
856 19 451218 5
857 1 451620 8
858 -16 452020 5
859 14 452426 9
860 -3 452828 4
861 21 453234 2
862 10 453636 6
863 -14 454034 3
864 -10 454436 4
865 -8 454840 8
866 1 455244 4
867 18 455646 5
868 6 456042 4
869 -24 456444 3
870 -5 456848 6
871 8 457250 7
872 -20 457650 3
873 -10 458048 8
874 -12 458446 6
875 3 458846 6
876 -18 459246 7
877 2 459648 2
878 -3 460048 7
879 14 460442 6
880 -8 460842 6
881 13 461240 8
882 12 461638 5
883 10 462034 5
884 14 462428 7
885 -23 462828 6
886 -2 463228 1
887 1 463622 4
888 14 464020 7
889 -18 464414 7
890 2 464810 6
891 -22 465206 2
892 -3 465602 9
893 7 465998 6
894 2 466390 4
895 5 466786 3
896 -5 467182 8
897 -7 467574 5
898 -7 467970 4
899 4 468360 4
900 -10 468754 5
901 -6 469148 6
902 -30 469544 5
903 -8 469936 8
904 -1 470326 5
905 -11 470718 0
906 -2 471110 8
907 7 471502 5
908 -11 471894 12
909 -21 472282 6
910 -8 472674 4
911 6 473064 8
912 -25 473456 9
913 5 473846 9
914 28 474232 2
915 -2 474622 4
916 -1 475014 5
917 -11 475402 8
918 12 475790 4
919 -30 476174 6
920 -5 476564 4
921 -12 476952 6
922 -4 477342 8
923 18 477730 5
924 -25 478112 7
925 -22 478500 11
926 -1 478888 6
927 5 479274 4
928 30 479664 3
929 -12 480048 4
930 -10 480434 6
931 7 480820 3
932 -17 481208 2
933 11 481594 6
934 -9 481978 0
935 6 482360 3
936 -20 482744 6
937 -8 483130 6
938 22 483514 6
939 1 483898 5
940 5 484278 5
941 -9 484660 8
942 13 485044 6
943 10 485428 5
944 -13 485810 3
945 9 486190 3
946 -1 486572 6
947 -8 486952 3
948 3 487334 1
949 -39 487714 0
950 -8 488090 0
951 -16 488470 -7
952 -14 488852 -3
953 4 489234 -3
954 -10 489614 -5
955 14 489990 0
956 -10 490370 -3
957 -17 490748 -2
958 -2 491128 -5
959 -14 491508 0
960 -4 491882 1
961 18 492260 -5
962 -1 492640 0
963 0 493018 0
964 25 493396 0
965 -16 493770 1
966 -37 494148 -2
967 -19 494526 1
968 13 494904 -4
969 15 495282 -4
970 -40 495654 -3
971 -17 496030 -4
972 5 496406 0
973 5 496782 -1
974 21 497158 -2
975 1 497528 -3
976 -13 497904 -2
977 -16 498278 -1
978 -3 498654 -2
979 -33 499030 -2
980 -10 499400 -4
981 -17 499774 1
982 -2 500148 -5
983 -16 500522 -3
984 -14 500894 -2
985 -10 501264 -2
986 0 501636 -2
987 -23 502008 0
988 24 502384 -3
989 -6 502758 -7
990 1 503128 -4
991 -9 503498 -3
992 -15 503870 -3
993 -20 504242 -8
994 -14 504616 -6
995 -14 504986 -2
996 -12 505352 -2
997 -17 505722 -2
998 -7 506096 -6
999 -8 506468 -3
1000 9 506838 -1
1001 -8 507204 -9
1002 -19 507576 -4
1003 -38 507948 -4
1004 -9 508318 -2
1005 -16 508688 -1
1006 -12 509054 -5
1007 2 509424 7
1008 -15 509794 -4
1009 -20 510164 6
1010 -23 510534 7
1011 -6 510898 7
1012 -14 511266 6
1013 -33 511636 6
1014 -4 512004 7
1015 -11 512368 4
1016 -9 512728 -5
1017 -18 513098 -6
1018 2 513462 5
1019 -31 513828 5
1020 -27 514196 2
1021 -11 514558 -9
1022 -12 514922 4
1023 2 515290 -3
1024 -16 515656 -3
1025 -5 516024 -1
1026 -18 516384 9
1027 -6 516750 -4
1028 -21 517116 5
1029 -17 517482 5
1030 -16 517846 9
1031 -18 518206 6
1032 -6 518570 4
1033 -19 518934 5
1034 -14 519298 8
1035 -27 519662 5
1036 -9 520020 -8
1037 -14 520384 3
1038 -37 520746 7
1039 -23 521108 7
1040 -18 521470 0
1041 -22 521830 2
1042 -39 522192 6
1043 -20 522554 1
1044 -5 522918 0
1045 5 523278 -3
1046 -5 523634 5
1047 -8 523996 6
1048 -14 524356 4
1049 -8 524716 5
1050 -14 525078 9
1051 -3 525440 6
1052 -22 525796 -4
1053 -20 526156 6
1054 -10 526518 4
1055 -20 526880 3
1056 -5 527240 2
1057 -6 527594 5
1058 -8 527954 6
1059 -7 528314 -3
1060 4 528672 -4
1061 -6 529034 6
1062 -12 529388 -4
1063 -5 529746 -2
1064 -7 530102 0
1065 -8 530460 0
1066 -24 530816 5
1067 -16 531168 -4
1068 11 531526 -2
1069 -26 531884 6
1070 -1 532242 -3
1071 -9 532600 5
1072 -29 532952 0
1073 -29 533310 4
1074 -20 533664 -1
1075 -18 534022 7
1076 -9 534378 -2
1077 2 534728 -5
1078 -28 535084 5
1079 -6 535440 -1
1080 -14 535788 -5
1081 -3 536144 4
1082 -39 536500 -1
1083 -8 536852 9
1084 -16 537208 7
1085 -42 537558 6
1086 -34 537912 5
1087 -10 538268 7
1088 -19 538620 -3
1089 0 538974 7
1090 -10 539322 10
1091 -5 539674 7
1092 -20 540028 8
1093 -21 540382 6
1094 -29 540736 5
1095 -21 541088 6
1096 -20 541436 -4
1097 -3 541790 11
1098 -34 542142 -3
1099 0 542496 -1
1100 -16 542846 7
1101 -15 543192 6
1102 -6 543544 7
1103 -16 543896 -4
1104 -14 544246 -10
1105 -14 544598 4
1106 -19 544944 3
1107 -19 545294 6
1108 5 545644 4
1109 -26 545994 -8
1110 -6 546344 9
1111 -22 546690 -3
1112 -11 547038 10
1113 -5 547388 8
1114 -5 547738 9
1115 -12 548088 5
1116 -30 548432 3
1117 -4 548782 6
1118 -18 549132 -8
1119 -27 549480 0
1120 -35 549830 9
1121 -21 550174 8
1122 -16 550524 6
1123 -27 550870 -6
1124 -1 551218 -3
1125 -10 551566 -3
1126 -25 551910 7
1127 -14 552256 0
1128 20 552582 6
1129 -18 552928 -1
1130 11 553276 -4
1131 4 553618 3
1132 -1 553966 -1
1133 -11 554314 -4
1134 -4 554660 0
1135 -8 555006 7
1136 1 555346 1
1137 -18 555694 8
1138 -37 556040 4
1139 -22 556386 4
1140 -32 556732 5
1141 -18 557074 4
1142 -12 557420 6
1143 -23 557764 0
1144 -9 558110 4
1145 -6 558456 6
1146 -20 558796 -5
1147 -12 559140 1
1148 5 559486 5
1149 -9 559830 3
1150 -19 560174 5
1151 -23 560512 -1
1152 15 560858 5
1153 2 561202 11
1154 -15 561544 -3
1155 -6 561888 3
1156 -8 562228 -6
1157 -18 562566 7
1158 -23 562910 1
1159 -9 563254 -3
1160 -19 563596 5
1161 -19 563940 6
1162 -7 564278 9
1163 -21 564620 7
1164 -12 564962 0
1165 8 565304 -3
1166 -13 565646 -1
1167 -28 565984 4
1168 0 566324 -4
1169 12 566664 7
1170 -11 567006 0
1171 -17 567348 7
1172 1 567684 -6
1173 -13 568024 8
1174 -11 568364 2
1175 -15 568704 -1
1176 -40 569046 -2
1177 -18 569380 -2
1178 -20 569720 5
1179 0 570060 -7
1180 -20 570398 0
1181 -8 570738 -5
1182 -16 571070 6
1183 -10 571410 5
1184 -27 571748 4
1185 27 572088 0
1186 -2 572428 7
1187 6 572760 3
1188 -12 573096 7
1189 -16 573436 -4
1190 7 573774 0
1191 -10 574110 4
1192 -14 574444 -9
1193 -9 574784 -2
1194 -2 575120 9
1195 -9 575458 0
1196 -31 575796 -2
1197 -23 576126 -1
1198 -19 576462 9
1199 -7 576800 -2
1200 -22 577136 -2
1201 -29 577472 0
1202 -9 577802 8
1203 -19 578138 3
1204 -29 578472 -2
1205 -11 578808 -2
1206 -18 579146 -2
1207 -26 579476 2
1208 -9 579810 5
1209 -20 580146 7
1210 -17 580484 -8
1211 -18 580820 0
1212 -13 581150 -1
1213 -8 581484 -5
1214 -4 581816 2
1215 -9 582150 4
1216 -21 582486 7
1217 -15 582820 -2
1218 3 583150 7
1219 -7 583484 -8
1220 -25 583818 6
1221 -38 584152 5
1222 -42 584486 -2
1223 -13 584812 -2
1224 -8 585144 5
1225 -29 585476 -2
1226 -8 585808 -1
1227 -11 586140 -5
1228 -12 586468 9
1229 -10 586800 5
1230 0 587130 6
1231 -8 587460 3
1232 -3 587790 1
1233 20 588114 3
1234 -2 588444 0
1235 -19 588772 -2
1236 6 589102 6
1237 -20 589432 0
1238 9 589756 -5
1239 26 590084 3
1240 1 590410 3
1241 5 590738 0
1242 -10 591066 2
1243 21 591388 4
1244 18 591716 -4
1245 8 592042 3
1246 5 592368 -3
1247 -1 592698 -1
1248 -1 593020 2
1249 -13 593346 -3
1250 -15 593672 0
1251 8 594000 1
1252 -5 594324 0
1253 -2 594644 4
1254 -14 594972 -1
1255 -8 595296 -4
1256 -17 595620 -4
1257 13 595946 0
1258 -19 596266 -9
1259 -33 596590 -4
1260 -4 596914 -9
1261 -10 597238 -10
1262 -6 597564 -12
1263 -24 597880 -6
1264 6 598204 -3
1265 8 598526 0
1266 -7 598852 -2
1267 5 599176 -2
1268 57 599494 -2
1269 24 599816 0
1270 8 600142 0
1271 -5 600466 2
1272 -20 600786 -1
1273 -48 601108 -5
1274 -40 601424 4
1275 -12 601746 -1
1276 -10 602070 0
1277 -20 602394 -2
1278 -3 602708 0
1279 8 603026 1
1280 21 603350 -4
1281 -2 603672 -4
1282 -17 603992 1
1283 -10 604312 1
1284 1 604628 2
1285 6 604948 7
1286 -14 605272 0
1287 -19 605588 0
1288 -1 605910 1
1289 14 606226 1
1290 -9 606548 1
1291 -2 606868 3
1292 -31 607184 1
1293 10 607502 4
1294 8 607818 -4
1295 -4 608138 -3
1296 -10 608456 4
1297 -4 608770 -6
1298 -6 609088 6
1299 11 609400 -1
1300 7 609718 -2
1301 -19 610028 0
1302 -9 610348 1
1303 22 610664 0
1304 -9 610968 3
1305 4 611288 -1
1306 10 611604 -1
1307 0 611920 0
1308 8 612228 -2
1309 46 612538 2
1310 -2 612858 5
1311 -13 613172 -3
1312 35 613484 5
1313 -9 613798 8
1314 -40 614108 7
1315 -28 614424 4
1316 -25 614738 4
1317 -33 615046 7
1318 -40 615362 6
1319 -43 615670 2
1320 -3 615986 0
1321 -15 616298 8
1322 -24 616614 5
1323 -30 616926 5
1324 -32 617230 -4
1325 -6 617544 -1
1326 5 617858 7
1327 -19 618172 -5
1328 3 618486 7
1329 -3 618790 -4
1330 8 619100 -2
1331 -21 619414 -2
1332 -14 619726 0
1333 -23 620030 6
1334 -26 620344 6
1335 -53 620652 2
1336 -46 620964 -3
1337 -28 621274 6
1338 -30 621578 0
1339 -5 621890 -1
1340 -17 622196 4
1341 -4 622508 -3
1342 6 622818 0
1343 -26 623126 8
1344 -31 623436 5
1345 -27 623744 4
1346 -26 624054 12
1347 -31 624356 6
1348 -21 624664 5
1349 -24 624976 3
1350 -37 625282 11
1351 -25 625584 8
1352 -23 625896 3
1353 -29 626206 10
1354 -23 626514 6
1355 -19 626814 4
1356 -35 627122 3
1357 -32 627434 8
1358 -35 627744 8
1359 -34 628044 4
1360 -45 628348 0
1361 -38 628658 1
1362 -24 628966 3
1363 -44 629268 7
1364 -35 629576 5
1365 -15 629882 6
1366 -6 630190 6
1367 -29 630498 10
1368 -28 630798 9
1369 -43 631106 5
1370 -12 631408 8
1371 -29 631716 4
1372 -52 632020 6
1373 -21 632326 7
1374 -29 632632 8
1375 -20 632930 1
1376 -30 633236 1
1377 -10 633534 3
1378 -8 633840 2
1379 -36 634144 4
1380 -30 634434 7
1381 -19 634740 10
1382 -24 635046 6
1383 -37 635350 6
1384 -25 635650 7
1385 -34 635950 7
1386 -24 636254 2
1387 -10 636560 5
1388 -7 636862 4
1389 -25 637164 4
1390 -21 637468 5
1391 -26 637768 3
1392 -31 638072 4
1393 -42 638366 6
1394 -33 638672 10
1395 -30 638976 5
1396 -3 639274 5
1397 -16 639570 4
1398 -22 639874 5
1399 -53 640176 0
1400 -26 640470 10
1401 -1 640766 1
1402 -3 641070 4
1403 -30 641374 2
1404 -27 641668 5
1405 -25 641970 7
1406 -42 642266 0
1407 -31 642568 2
1408 -10 642868 1
1409 -40 643160 4
1410 -27 643462 1
1411 -36 643760 5
1412 -19 644062 6
1413 -6 644356 2
1414 -31 644656 1
1415 -31 644958 2
1416 -20 645248 -3
1417 -31 645548 8
1418 -15 645846 -4
1419 -1 646150 -6
1420 -17 646438 0
1421 -22 646734 -5
1422 -9 647034 -2
1423 -23 647336 4
1424 -29 647626 0
1425 -6 647926 1
1426 -17 648220 -5
1427 -41 648520 3
1428 -14 648812 -2
1429 -22 649112 3
1430 -23 649410 0
1431 -37 649696 4
1432 -33 649996 -2
1433 -17 650294 -5
1434 -24 650594 -3
1435 -18 650882 0
1436 -19 651176 8
1437 -27 651474 8
1438 -21 651772 -1
1439 -31 652072 7
1440 -20 652360 5
1441 -19 652654 2
1442 -34 652952 0
1443 -37 653254 -2
1444 -18 653542 5
1445 -20 653840 0
1446 -18 654134 11
1447 -23 654424 -5
1448 -9 654722 3
1449 -30 655020 4
1450 -31 655312 1
1451 -33 655604 4
1452 -14 655896 -1
1453 -30 656192 4
1454 -19 656488 -1
1455 -41 656774 4
1456 3 657070 -4
1457 -19 657362 10
1458 -13 657658 1
1459 -31 657946 0
1460 -24 658240 5
1461 -4 658536 -5
1462 -24 658828 9
1463 -36 659114 0
1464 -3 659410 1
1465 -37 659706 1
1466 -12 659994 -5
1467 -29 660286 6
1468 -24 660580 0
1469 -18 660876 -3
1470 -11 661164 -2
1471 -21 661460 -1
1472 -28 661750 6
1473 -13 662044 -5
1474 -3 662334 0
1475 -29 662626 5
1476 -10 662920 4
1477 -28 663212 3
1478 -23 663496 4
1479 -17 663792 4
1480 -16 664086 -2
1481 -22 664370 0
1482 -31 664658 6
1483 -22 664952 -3
1484 1 665244 0
1485 -46 665528 -2
1486 -42 665820 1
1487 -31 666106 8
1488 -35 666400 6
1489 -36 666684 4
1490 -27 666976 -5
1491 -21 667270 -2
1492 -29 667548 6
1493 -28 667840 2
1494 -22 668134 6
1495 -4 668428 -1
1496 -5 668710 7
1497 -11 668996 -2
1498 -8 669288 8
1499 -21 669580 7
1500 -16 669860 1
1501 -4 670152 7
1502 -23 670440 4
1503 -22 670728 5
1504 -14 671012 4
1505 -17 671304 -3
1506 -7 671592 6
1507 -22 671852 8
1508 -40 672138 -8
1509 -4 672426 5
1510 -28 672710 10
1511 -37 672994 6
1512 -18 673282 6
1513 -16 673568 2
1514 -6 673848 -5
1515 -25 674140 6
1516 -22 674428 -4
1517 -19 674708 5
1518 -7 674992 -2
1519 -4 675280 0
1520 -9 675570 -6
1521 1 675850 6
1522 -30 676140 -1
1523 -36 676426 -1
1524 -10 676714 3
1525 -6 676998 4
1526 -32 677278 6
1527 -8 677566 -5
1528 -11 677850 -2
1529 -12 678124 -3
1530 -10 678412 -5
1531 2 678698 8
1532 -32 678976 -2
1533 -26 679258 7
1534 -41 679546 0
1535 -23 679832 -2
1536 -37 680108 -1
1537 -34 680394 -5
1538 -24 680676 0
1539 -8 680962 0
1540 -15 681236 2
1541 34 681522 0
1542 -12 681798 0
1543 5 682076 -5
1544 -13 682362 -3
1545 2 682646 -2
1546 -12 682932 -3
1547 -13 683208 -4
1548 6 683490 0
1549 -10 683776 -3
1550 -18 684056 0
1551 8 684336 0
1552 0 684620 -2
1553 0 684892 -3
1554 10 685176 -1
1555 8 685460 -1
1556 3 685744 -1
1557 3 686020 -4
1558 -21 686300 2
1559 -4 686584 -6
1560 2 686866 -2
1561 11 687140 -3
1562 -8 687424 -3
1563 7 687704 -1
1564 21 687984 -7
1565 29 688258 0
1566 12 688536 1
1567 2 688812 -1
1568 50 689094 -2
1569 18 689372 -8
1570 19 689656 0
1571 22 689928 0
1572 -10 690218 0
1573 0 690518 8
1574 0 690814 0
1575 0 691104 3
1576 0 691402 0
1577 -25 691678 -1
1578 -1 691960 -1
1579 0 692236 -1
1580 23 692516 0
1581 7 692798 4
1582 0 693080 4
1583 1 693362 2
1584 -4 693640 3
1585 -9 693922 -3
1586 2 694204 -5
1587 19 694486 0
1588 12 694768 -2
1589 4 695046 -2
1590 6 695324 1
1591 16 695602 5
1592 -10 695880 2
1593 -8 696158 2
1594 4 696432 5
1595 24 696708 -4
1596 5 696986 0
1597 16 697256 0
1598 1 697534 6
1599 -16 697802 -3
1600 -6 698082 -4
1601 0 698362 -11
1602 10 698638 -10
1603 4 698914 -14
1604 -8 699184 -15
1605 8 699464 0
1606 -18 699738 -11
1607 0 700010 -2
1608 -13 700282 1
1609 -10 700554 -2
1610 -2 700826 -1
1611 -17 701094 2
1612 -4 701358 7
1613 9 701628 4
1614 -3 701894 0
1615 3 702174 0
1616 8 702448 0
1617 -1 702714 0
1618 -11 702984 2
1619 -5 703258 4
