0 -9 832 0
1 19 1674 0
2 12 2518 0
3 -20 3362 0
4 14 4204 0
5 -56 5048 0
6 -10 5888 0
7 26 6730 0
8 9 7570 -1
9 -20 8412 0
10 -4 9250 0
11 -13 10084 0
12 40 10920 0
13 -4 11752 0
14 0 12588 0
15 5 13422 0
16 -10 14258 0
17 -3 15088 0
18 23 15922 0
19 1 16756 0
20 4 17592 0
21 14 18424 0
22 4 19252 0
23 -1 20088 -1
24 -33 20918 0
25 -31 21750 0
26 -4 22582 0
27 -14 23416 0
28 -5 24250 -1
29 13 25084 0
30 23 25918 0
31 4 26750 0
32 1 27586 0
33 4 28418 1
34 0 29248 0
35 16 30076 0
36 39 30906 0
37 -4 31736 0
38 22 32564 0
39 -17 33394 0
40 5 34224 -1
41 -2 35052 0
42 14 35880 0
43 2 36704 0
44 -36 37528 0
45 -46 38358 0
46 -35 39178 0
47 -18 40008 0
48 -4 40834 0
49 30 41658 0
50 -19 42486 0
51 1 43318 0
52 5 44146 -1
53 -21 44974 1
54 11 45800 0
55 0 46622 0
56 3 47446 0
57 -11 48268 0
58 -6 49090 0
59 -7 49910 0
60 8 50728 0
61 2 51546 0
62 -7 52364 0
63 15 53182 0
64 38 54000 0
65 45 54816 0
66 -8 55634 0
67 6 56460 0
68 0 57280 -1
69 -9 58098 0
70 8 58916 0
71 18 59736 0
72 -1 60554 0
73 27 61368 0
74 -20 62186 0
75 27 63000 -1
76 -3 63816 -1
77 -1 64630 0
78 6 65446 0
79 -15 66260 0
80 13 67074 0
81 10 67890 0
82 -25 68700 0
83 18 69518 0
84 9 70334 0
85 1 71148 0
86 -13 71960 0
87 26 72776 0
88 4 73584 0
89 18 74400 0
90 -26 75212 0
91 -13 76022 0
92 -11 76836 0
93 3 77648 0
94 6 78460 0
95 9 79272 0
96 -4 80082 0
97 29 80894 0
98 -5 81702 0
99 -9 82512 0
100 -6 83322 0
101 10 84128 0
102 30 84938 0
103 -8 85750 0
104 2 86560 -1
105 32 87368 0
106 -4 88180 1
107 -2 88986 0
108 -9 89790 0
109 -4 90596 0
110 -22 91400 0
111 20 92204 0
112 -5 93010 0
113 9 93816 1
114 38 94622 1
115 -31 95426 0
116 5 96226 0
117 -2 97030 0
118 27 97828 0
119 -27 98632 1
120 15 99434 0
121 -28 100236 1
122 2 101038 0
123 2 101844 0
124 -4 102644 0
125 7 103446 1
126 -8 104242 -1
127 27 105046 0
128 22 105844 0
129 -2 106646 0
130 -18 107444 0
131 16 108242 1
132 -14 109040 0
133 -7 109834 0
134 8 110634 0
135 20 111432 0
136 15 112230 0
137 22 113022 0
138 62 113820 0
139 16 114614 0
140 -18 115408 0
141 -16 116202 0
142 10 116996 0
143 17 117786 0
144 3 118578 0
145 -5 119370 0
146 18 120164 0
147 -51 120958 1
148 47 121752 0
149 12 122538 0
150 -28 123330 0
151 1 124122 0
152 4 124912 0
153 -15 125698 0
154 -10 126488 0
155 -11 127274 0
156 -26 128058 0
157 -10 128846 0
158 -33 129630 0
159 15 130418 0
160 -17 131198 0
161 2 131980 0
162 18 132766 0
163 -10 133546 0
164 1 134326 0
165 11 135106 0
166 26 135888 0
167 8 136672 -1
168 12 137452 0
169 -8 138234 -1
170 -5 139012 0
171 26 139790 0
172 -7 140570 0
173 -16 141348 0
174 -1 142126 0
175 7 142900 0
176 30 143676 0
177 17 144456 0
178 -12 145230 0
179 -4 146006 0
180 21 146782 0
181 40 147556 0
182 22 148330 -1
183 -4 149104 0
184 5 149874 0
185 -7 150644 0
186 19 151416 0
187 -13 152186 0
188 24 152958 0
189 16 153732 0
190 29 154502 0
191 15 155270 0
192 4 156042 0
193 46 156812 0
194 12 157582 -1
195 10 158350 0
196 -4 159116 0
197 28 159884 0
198 11 160652 -1
199 14 161418 0
200 32 162188 0
201 33 162954 0
202 12 163720 0
203 7 164486 0
204 -6 165248 0
205 34 166012 0
206 6 166772 0
207 43 167538 0
208 9 168302 0
209 5 169066 0
210 -4 169826 0
211 42 170588 0
212 22 171352 -1
213 19 172116 -1
214 19 172880 0
215 22 173640 0
216 6 174398 0
217 -15 175156 -1
218 15 175916 0
219 -16 176678 0
220 -8 177438 0
221 -3 178198 -1
222 3 178956 0
223 21 179712 0
224 28 180464 0
225 -17 181214 0
226 20 181968 0
227 -2 182720 0
228 14 183472 0
229 3 184224 0
230 10 184978 -1
231 -1 185724 -1
232 10 186476 0
233 12 187230 0
234 61 187980 0
235 42 188728 0
236 46 189478 0
237 27 190226 0
238 19 190980 0
239 30 191732 -1
240 26 192476 0
241 23 193224 0
242 -8 193974 0
243 43 194724 0
244 10 195472 0
245 14 196216 0
246 9 196962 0
247 30 197706 0
248 11 198454 0
249 -2 199200 0
250 13 199944 0
251 2 200688 0
252 24 201434 0
253 -11 202176 -1
254 33 202926 0
255 -12 203670 0
256 -27 204412 0
257 1 205154 0
258 22 205898 0
259 -4 206640 0
260 51 207380 -1
261 -27 208122 0
262 11 208862 0
263 35 209604 -1
264 7 210344 0
265 -29 211084 0
266 18 211824 -1
267 13 212558 -1
268 -26 213298 0
269 1 214038 0
270 19 214782 0
271 10 215520 0
272 28 216256 0
273 24 216992 0
274 20 217730 0
275 4 218466 0
276 26 219198 0
277 35 219936 0
278 5 220672 0
279 18 221410 0
280 12 222146 0
281 19 222886 0
282 25 223622 0
283 20 224360 0
284 -13 225096 0
285 8 225832 0
286 -3 226566 0
287 19 227296 0
288 10 228026 0
289 29 228758 0
290 12 229490 0
291 10 230214 0
292 15 230936 0
293 -20 231662 0
294 -1 232386 0
295 11 233108 0
296 1 233826 0
297 15 234550 0
298 3 235268 0
299 47 235984 0
300 34 236698 0
301 16 237412 0
302 9 238134 0
303 7 238846 0
304 25 239560 0
305 26 240272 0
306 10 240982 0
307 12 241692 0
308 6 242402 0
309 16 243106 0
310 25 243808 0
311 25 244512 0
312 40 245218 0
313 -22 245922 0
314 -2 246618 0
315 17 247316 0
316 -2 248008 0
317 36 248704 0
318 32 249394 0
319 5 250076 0
320 25 250764 0
321 1 251450 0
322 59 252134 0
323 31 252824 0
324 36 253506 -1
325 23 254190 0
326 -7 254874 0
327 6 255552 0
328 9 256232 0
329 11 256902 -1
330 -7 257572 0
331 14 258238 0
332 38 258906 0
333 12 259572 0
334 -14 260238 0
335 17 260900 0
336 9 261562 0
337 0 262216 0
338 38 262876 0
339 22 263536 0
340 7 264198 0
341 -23 264856 0
342 -1 265508 0
343 33 266162 0
344 -11 266812 0
345 24 267464 0
346 41 268112 0
347 22 268760 0
348 16 269412 0
349 14 270058 0
350 -3 270704 0
351 13 271348 0
352 10 271992 0
353 38 272638 0
354 6 273282 0
355 12 273930 0
356 12 274576 -1
357 21 275220 0
358 27 275864 0
359 24 276506 0
360 17 277150 0
361 15 277792 0
362 70 278434 0
363 20 279070 0
364 -13 279712 0
365 4 280354 0
366 8 280994 0
367 13 281632 -1
368 35 282266 0
369 21 282902 0
370 2 283538 0
371 5 284172 -1
372 -4 284804 0
373 25 285438 0
374 33 286074 0
375 29 286710 0
376 35 287344 0
377 -24 287978 0
378 50 288612 0
379 32 289246 0
380 18 289880 -1
381 -4 290512 0
382 -6 291142 0
383 0 291772 0
384 -5 292404 0
385 26 293034 0
386 29 293660 0
387 15 294290 0
388 12 294920 0
389 11 295548 0
390 27 296178 0
391 35 296808 0
392 -21 297434 0
393 3 298062 0
394 -17 298688 -1
395 -16 299320 0
396 -4 299950 0
397 8 300576 0
398 31 301204 0
399 47 301830 0
400 9 302456 -1
401 9 303080 0
402 -1 303704 0
403 22 304328 0
404 23 304954 0
405 40 305578 0
406 -6 306200 0
407 -1 306816 0
408 42 307442 0
409 -22 308066 0
410 4 308688 0
411 26 309310 0
412 -4 309930 0
413 35 310548 0
414 17 311170 0
415 19 311788 0
416 46 312410 0
417 13 313028 0
418 -9 313650 0
419 19 314272 0
420 12 314892 0
421 15 315510 0
422 55 316130 -1
423 20 316750 0
424 26 317366 0
425 -6 317986 0
426 54 318602 0
427 12 319220 0
428 35 319838 0
429 19 320454 0
430 1 321068 0
431 33 321684 0
432 47 322298 0
433 13 322910 -1
434 28 323522 0
435 2 324138 0
436 41 324748 0
437 26 325362 0
438 13 325976 0
439 40 326586 0
440 19 327200 0
441 -4 327812 0
442 14 328422 0
443 14 329036 0
444 27 329646 0
445 32 330256 -1
446 37 330868 0
447 -16 331478 0
448 -18 332086 0
449 39 332694 0
450 29 333302 0
451 8 333912 0
452 38 334518 0
453 2 335120 0
454 31 335726 0
455 42 336334 0
456 36 336938 0
457 32 337542 0
458 29 338146 0
459 8 338752 0
460 43 339358 0
461 20 339964 0
462 18 340568 0
463 8 341174 -1
464 39 341778 0
465 35 342380 -1
466 42 342980 0
467 29 343586 0
468 31 344188 0
469 39 344790 0
470 9 345392 0
471 20 345996 0
472 7 346598 0
473 45 347198 0
474 0 347798 0
475 29 348394 0
476 38 348994 0
477 -1 349592 0
478 -11 350192 -1
479 -3 350794 0
480 -5 351394 -1
481 9 351994 0
482 38 352592 0
483 9 353190 -1
484 38 353786 0
485 -5 354386 0
486 34 354982 0
487 -24 355578 0
488 6 356176 0
489 4 356770 0
490 14 357360 0
491 23 357954 0
492 14 358550 0
493 35 359142 0
494 34 359734 -1
495 33 360328 0
496 44 360920 -1
497 22 361514 0
498 0 362106 -1
499 20 362696 -1
500 52 363288 -1
501 16 363878 0
502 33 364466 0
503 6 365056 0
504 15 365644 0
505 3 366230 -1
506 10 366816 0
507 11 367402 0
508 -6 367986 0
509 27 368572 0
510 5 369156 0
511 49 369736 0
512 -14 370320 0
513 29 370902 0
514 23 371486 0
515 9 372068 0
516 -6 372650 0
517 34 373230 0
518 32 373810 0
519 12 374386 0
520 34 374944 0
521 24 375520 0
522 -6 376102 0
523 24 376682 0
524 24 377260 0
525 20 377836 0
526 16 378412 0
527 44 378986 0
528 33 379552 -1
529 9 380120 0
530 17 380696 0
531 36 381274 -1
532 -3 381846 0
533 39 382424 0
534 36 382996 0
535 11 383570 0
536 30 384144 -1
537 15 384714 0
538 1 385288 0
539 33 385862 0
540 21 386432 0
541 19 387004 0
542 26 387572 0
543 11 388142 0
544 -1 388712 0
545 26 389282 0
546 41 389852 0
547 31 390422 0
548 -4 390990 0
549 26 391556 0
550 15 392122 0
551 29 392686 0
552 15 393248 0
553 8 393812 0
554 8 394376 0
555 23 394938 0
556 14 395502 0
557 7 396060 0
558 -9 396620 0
559 -26 397180 0
560 -6 397738 0
561 0 398296 0
562 7 398848 0
563 -17 399406 0
564 -33 399960 0
565 -13 400510 0
566 -16 401062 -1
567 7 401610 0
568 3 402164 0
569 13 402714 0
570 1 403264 0
571 17 403808 0
572 33 404352 0
573 34 404902 0
574 15 405446 -1
575 42 405992 0
576 33 406536 0
577 16 407080 0
578 1 407626 0
579 2 408166 0
580 18 408706 0
581 8 409244 0
582 55 409782 0
583 71 410320 0
584 20 410858 0
585 8 411396 -1
586 -11 411926 -1
587 21 412462 0
588 31 412994 0
589 1 413526 0
590 16 414058 0
591 -2 414586 -1
592 -8 415112 0
593 45 415640 0
594 1 416172 0
595 44 416706 0
596 38 417232 0
597 32 417758 -1
598 30 418282 -1
599 23 418808 0
600 2 419336 0
601 24 419864 0
602 16 420390 0
603 53 420912 0
604 49 421438 0
605 27 421960 0
606 47 422480 0
607 20 423002 0
608 22 423522 0
609 25 424044 0
610 23 424562 0
611 23 425080 0
612 11 425598 0
613 11 426112 0
614 53 426632 0
615 39 427150 0
616 34 427666 0
617 31 428182 0
618 18 428696 0
619 32 429214 0
620 -14 429728 0
621 19 430242 -1
622 31 430758 0
623 34 431270 0
624 33 431782 0
625 15 432294 0
626 22 432806 0
627 24 433318 0
628 57 433824 0
629 7 434336 0
630 39 434846 0
631 44 435352 0
632 -3 435860 -1
633 28 436368 0
634 9 436878 0
635 12 437386 0
636 23 437892 0
637 -6 438400 0
638 -2 438906 0
639 47 439412 0
640 48 439918 0
641 16 440426 0
642 24 440932 0
643 50 441438 0
644 47 441938 0
645 0 442444 0
646 23 442946 -1
647 11 443450 0
648 33 443954 0
649 34 444456 0
650 12 444958 0
651 -8 445458 -1
652 -14 445958 0
653 14 446460 -1
654 9 446956 0
655 1 447454 0
656 14 447950 0
657 30 448442 0
658 25 448940 0
659 28 449436 0
660 45 449938 0
661 12 450436 0
662 16 450930 0
663 44 451426 0
664 19 451916 0
665 9 452412 0
666 60 452906 0
667 38 453402 -1
668 35 453894 -1
669 16 454388 0
670 31 454882 0
671 32 455376 0
672 43 455864 0
673 50 456354 0
674 23 456846 0
675 8 457342 0
676 46 457836 -1
677 -15 458330 0
678 33 458822 0
679 55 459312 -1
680 15 459806 0
681 20 460292 0
682 9 460778 0
683 15 461270 0
684 39 461754 0
685 15 462244 0
686 23 462734 0
687 -1 463218 0
688 19 463708 0
689 16 464192 0
690 35 464678 0
691 25 465168 0
692 48 465654 0
693 52 466138 0
694 -16 466622 0
695 34 467102 0
696 26 467588 0
697 24 468074 0
698 3 468560 0
699 13 469050 0
700 13 469532 -1
701 15 470012 0
702 14 470494 -1
703 23 470972 0
704 55 471458 0
705 20 471930 0
706 66 472412 0
707 3 472890 0
708 29 473372 0
709 25 473848 0
710 -37 474330 0
711 35 474808 0
712 36 475292 -1
713 1 475764 0
714 35 476240 0
715 32 476706 0
716 21 477184 0
717 49 477664 0
718 -13 478138 0
719 25 478614 0
720 0 478614 0
0 0 0 0
0 0 0 0
0 0 0 0
0 0 0 0
