0 7 592 -21
1 4 1216 -4
2 -31 1840 13
3 -6 2464 13
4 -2 3084 11
5 -20 3708 12
6 -10 4334 -6
7 -33 4958 14
8 -16 5586 2
9 -17 6208 -5
10 -18 6830 -3
11 -20 7450 5
12 -29 8068 2
13 3 8688 11
14 -7 9308 -2
15 17 9930 -2
16 -26 10550 -16
17 -50 11168 7
18 -20 11788 12
19 -11 12408 0
20 28 13030 9
21 19 13652 7
22 -11 14270 20
23 -3 14890 -8
24 -15 15512 0
25 2 16132 12
26 -13 16752 -4
27 6 17374 -9
28 -1 17996 3
29 -5 18610 2
30 7 19228 -18
31 2 19844 -2
32 23 20460 2
33 -28 21076 -7
34 -22 21690 -3
35 2 22306 -12
36 -32 22922 -3
37 -5 23538 -4
38 -5 24154 11
39 -3 24770 -8
40 -6 25384 7
41 -28 25998 1
42 -10 26616 -4
43 -40 27230 -5
44 4 27842 -2
45 -6 28456 -7
46 -13 29072 -4
47 -10 29686 9
48 -23 30298 -3
49 25 30912 -6
50 -33 31528 8
51 -16 32140 -16
52 -7 32756 1
53 13 33370 5
54 -26 33984 1
55 -22 34596 0
56 -15 35210 6
57 -12 35824 0
58 -5 36438 16
59 -10 37050 6
60 -1 37668 -10
61 1 38282 -14
62 -38 38894 1
63 -12 39506 -10
64 3 40116 3
65 -15 40728 -3
66 -19 41340 -12
67 -3 41952 -12
68 -11 42564 8
69 -19 43178 14
70 -15 43790 1
71 -15 44402 -5
72 -17 45010 5
73 2 45620 0
74 6 46230 3
75 -26 46840 10
76 -2 47448 0
77 -18 48058 6
78 14 48670 4
79 -14 49282 5
80 -7 49892 2
81 -23 50502 9
82 -12 51112 6
83 17 51720 -13
84 -19 52332 2
85 -31 52944 4
86 -20 53550 4
87 -14 54158 15
88 3 54766 16
89 5 55374 16
90 -67 55982 13
91 -2 56590 4
92 12 57198 -6
93 -25 57804 -6
94 -8 58410 10
95 31 59018 17
96 -7 59626 -3
97 -15 60230 2
98 0 60838 8
99 -7 61444 -14
100 -24 62050 10
101 -24 62656 -21
102 -19 63264 -12
103 -8 63872 -7
104 5 64478 -15
105 -10 65082 8
106 3 65686 13
107 -10 66294 17
108 -16 66898 -8
109 12 67502 -8
110 0 68106 5
111 -24 68710 -4
112 -32 69314 6
113 -28 69918 23
114 -24 70522 2
115 19 71126 9
116 0 71730 -7
117 -17 72334 0
118 -18 72938 2
119 -3 73542 -3
120 -14 74144 -3
121 -36 74750 13
122 -24 75352 17
123 -17 75958 1
124 -5 76562 0
125 -15 77166 9
126 -24 77768 4
127 -3 78370 15
128 -41 78972 4
129 -22 79576 1
130 -11 80178 4
131 0 80782 4
132 -31 81386 2
133 -1 81990 -1
134 -14 82592 -7
135 -22 83196 1
136 -27 83798 -6
137 14 84400 9
138 -6 85004 11
139 -26 85606 0
140 -32 86208 -1
141 7 86814 1
142 7 87416 -11
143 0 88018 9
144 13 88622 1
145 7 89222 15
146 -1 89826 18
147 -22 90428 -4
148 2 91028 1
149 -13 91630 -10
150 -14 92230 -8
151 -9 92834 -1
152 -15 93432 -4
153 -4 94032 9
154 -18 94634 5
155 -5 95230 -2
156 -27 95826 4
157 -16 96426 -6
158 -28 97024 0
159 -18 97624 -7
160 -19 98224 -18
161 -43 98820 0
162 -5 99416 8
163 -18 100010 -3
164 -4 100606 -7
165 -7 101204 -7
166 1 101802 2
167 -8 102400 -8
168 -38 102996 -8
169 -8 103592 0
170 -16 104190 8
171 -5 104788 -3
172 10 105386 7
173 -31 105984 -9
174 28 106582 9
175 9 107182 -8
176 -10 107780 1
177 4 108376 9
178 -1 108972 0
179 -2 109564 -6
180 9 110156 -8
181 -3 110754 -1
182 4 111350 3
183 4 111946 9
184 -22 112538 -13
185 -3 113132 17
186 6 113724 -3
187 -30 114314 1
188 0 114902 0
189 -6 115490 -8
190 -13 116078 -5
191 8 116668 -12
192 6 117256 -3
193 -7 117846 -5
194 -12 118430 -3
195 5 119016 -3
196 -12 119602 0
197 -16 120186 -6
198 -30 120772 -2
199 -13 121356 -21
200 -18 121938 3
201 -14 122522 -3
202 -26 123106 -7
203 0 123692 -14
204 3 124276 12
205 21 124864 0
206 -4 125448 6
207 -2 126032 -4
208 -9 126614 10
209 -14 127200 -5
210 3 127782 -7
211 5 128364 1
212 4 128944 -1
213 18 129524 -4
214 11 130108 -2
215 -9 130690 -2
216 -1 131272 2
217 17 131852 8
218 0 132432 0
219 -16 133012 -7
220 -7 133596 -18
221 16 134180 9
222 16 134762 -3
223 -10 135344 6
224 -15 135926 3
225 -13 136508 2
226 -3 137090 10
227 -17 137674 1
228 -6 138256 3
229 4 138840 6
230 -38 139424 -1
231 -12 140006 -8
232 -21 140588 -16
233 -10 141170 8
234 -17 141750 -4
235 -27 142332 2
236 -11 142912 -23
237 -18 143492 1
238 30 144070 4
239 -3 144650 6
240 8 145232 0
241 -17 145812 -7
242 18 146392 -2
243 -17 146970 -10
244 -5 147550 -16
245 4 148130 -5
246 -11 148710 -17
247 -11 149288 -3
248 -10 149866 -13
249 0 150446 -14
250 -14 151024 -2
251 -17 151602 1
252 -18 152182 4
253 -22 152762 4
254 -1 153342 0
255 -6 153920 1
256 -11 154496 -3
257 10 155072 -6
258 -9 155648 16
259 13 156226 1
260 15 156806 -13
261 6 157386 3
262 -12 157964 -9
263 -13 158542 -5
264 3 159120 -11
265 0 159698 0
266 5 160278 -11
267 -12 160852 -2
268 -29 161428 4
269 -11 162006 -8
270 -20 162584 3
271 -1 163160 16
272 -9 163736 11
273 2 164310 0
274 -23 164884 -3
275 -3 165458 4
276 -22 166030 3
277 15 166600 -2
278 -26 167170 -11
279 1 167740 5
280 6 168312 16
281 -7 168884 -4
282 -1 169456 0
283 -7 170024 -6
284 -5 170596 0
285 10 171168 -1
286 -7 171740 3
287 -15 172310 -8
288 10 172880 0
289 -12 173452 14
290 7 174024 4
291 -22 174594 0
292 0 175166 0
293 -4 175738 -1
294 -12 176312 1
295 3 176884 1
296 24 177456 -5
297 -10 178026 4
298 -3 178596 -1
299 13 179166 3
300 -3 179734 1
301 10 180302 -2
302 -5 180870 12
303 -17 181440 10
304 -11 182012 4
305 -12 182578 5
306 -4 183146 6
307 -5 183718 -5
308 -11 184288 -12
309 -15 184856 4
310 5 185426 -1
311 -3 185992 -4
312 1 186562 -9
313 -45 187132 -12
314 -22 187702 0
315 1 188270 1
316 -27 188840 0
317 -23 189408 -6
318 -40 189978 0
319 -13 190548 -7
320 -1 191116 -9
321 -12 191686 -7
322 16 192254 5
323 7 192822 0
324 -10 193388 -7
325 13 193956 -17
326 -25 194522 -6
327 7 195088 -7
328 -5 195656 -4
329 7 196222 2
330 -6 196790 -4
331 -21 197356 -9
332 4 197922 7
333 24 198486 -4
334 -28 199052 -10
335 -10 199616 -3
336 -24 200180 0
337 -26 200746 14
338 -25 201314 14
339 -3 201878 -1
340 1 202444 -11
341 9 203010 -11
342 -19 203576 -21
343 -19 204142 -21
344 5 204706 7
345 -16 205270 15
346 -5 205832 14
347 7 206396 -1
348 -19 206960 0
349 4 207524 3
350 11 208088 -5
351 -26 208652 18
352 21 209216 14
353 -15 209780 -3
354 -33 210346 3
355 -39 210912 -4
356 -27 211476 -2
357 -12 212040 -8
358 -26 212602 -11
359 -14 213168 10
360 -33 213736 -17
361 -5 214306 -15
362 -24 214872 -6
363 -2 215438 4
364 -26 216006 -10
365 -13 216574 -25
366 -48 217138 -13
367 -16 217702 12
368 19 218268 3
369 -22 218834 10
370 -5 219400 5
371 -28 219966 14
372 -31 220532 8
373 1 221098 -10
374 -11 221664 -16
375 -5 222226 -4
376 0 222790 0
377 -8 223354 22
378 -8 223918 -8
379 -20 224484 7
380 -7 225048 10
381 16 225610 6
382 -10 226174 7
383 1 226738 2
384 27 227302 0
385 -1 227866 -2
386 -21 228428 -2
387 8 228988 0
388 -13 229546 -4
389 -21 230108 -8
390 9 230668 0
391 -37 231228 -7
392 -1 231788 -2
393 -7 232348 0
394 -2 232908 -10
395 -20 233468 2
396 5 234026 -8
397 -18 234582 -2
398 0 235136 10
399 -11 235688 7
400 -32 236242 -7
401 8 236796 2
402 -7 237348 14
403 -18 237900 -10
404 -14 238448 4
405 -27 238998 4
406 2 239548 2
407 3 240094 0
408 1 240644 0
409 -35 241192 -12
410 -3 241742 12
411 -24 242290 -10
412 -26 242838 -3
413 -19 243380 4
414 -26 243932 -11
415 -6 244482 11
416 -10 245028 15
417 -52 245572 -9
418 -19 246120 7
419 6 246664 -15
420 -22 247210 -4
421 5 247752 -12
422 -14 248292 -7
423 24 248832 0
424 5 249370 3
425 9 249910 4
426 11 250448 3
427 8 250988 2
428 -19 251528 -5
429 23 252066 -8
430 9 252604 -5
431 -16 253136 -5
432 -26 253670 4
433 -45 254206 -6
434 -13 254740 -4
435 -22 255272 -10
436 2 255804 -4
437 -21 256334 -4
438 14 256864 -6
439 -21 257396 -2
440 -1 257926 5
441 -1 258456 -5
442 -10 258980 -1
443 -14 259506 1
444 -50 260034 8
445 -23 260560 -6
446 -7 261084 -1
447 -57 261610 3
448 -36 262134 12
449 -1 262656 10
450 -6 263178 -12
451 -8 263698 -9
452 1 264216 14
453 -4 264734 -1
454 -1 265250 3
455 7 265770 6
456 -30 266286 -1
457 5 266800 10
458 -14 267316 -9
459 -44 267830 -4
460 0 268344 -19
461 4 268860 -19
462 -25 269372 -1
463 -26 269884 -1
464 -11 270396 -4
465 2 270908 1
466 14 271418 -2
467 -21 271928 4
468 5 272436 3
469 -6 272944 3
470 -5 273452 3
471 -19 273960 0
472 -26 274468 4
473 -10 274976 -4
474 -25 275484 -1
475 -20 275990 2
476 10 276498 8
477 -17 277008 1
478 -4 277516 0
479 13 278022 4
480 -4 278526 2
481 -13 279032 13
482 1 279534 -2
483 -8 280036 4
484 -14 280540 -2
485 -3 281040 -10
486 -28 281542 -13
487 -20 282042 14
488 -17 282542 -10
489 0 283044 -13
490 -10 283544 6
491 -12 284042 2
492 -3 284540 2
493 -11 285040 -5
494 -11 285538 0
495 -22 286036 -1
496 -23 286534 -1
497 -9 287034 -2
498 -20 287530 -10
499 0 288026 1
500 -27 288524 1
501 -17 289020 5
502 -26 289514 12
503 -22 290008 0
504 -27 290502 3
505 -25 290996 -4
506 -12 291494 -4
507 -21 291990 -12
508 -20 292484 -4
509 -32 292978 7
510 -13 293470 -6
511 -17 293962 -9
512 -7 294452 -9
513 -6 294942 0
514 -40 295432 -3
515 -53 295924 -3
516 -4 296416 -12
517 -31 296906 -5
518 -5 297400 3
519 -7 297898 -17
520 -21 298396 -5
521 -14 298892 8
522 -5 299386 0
523 -23 299878 -3
524 6 300368 -3
525 -47 300860 3
526 21 301352 -3
527 -13 301846 -5
528 -16 302334 5
529 -19 302824 -11
530 -3 303316 -8
531 -17 303806 -8
532 3 304298 -18
533 -2 304788 -13
534 -7 305276 -14
535 -40 305764 -2
536 -11 306256 -17
537 3 306752 -1
538 -6 307244 10
539 5 307734 7
540 13 308222 -11
541 -7 308710 -2
542 5 309198 -6
543 -10 309686 19
544 2 310174 17
545 -1 310660 4
546 12 311146 4
547 6 311634 11
548 -27 312122 -9
549 -20 312610 -5
550 -7 313096 5
551 -18 313584 1
552 -7 314068 11
553 -28 314554 -9
554 -30 315044 6
555 -39 315534 -9
556 -31 316024 -10
557 -28 316512 -11
558 0 317000 0
559 -14 317484 -9
560 1 317970 9
561 -33 318456 -12
562 0 318942 14
563 -26 319430 4
564 -25 319916 11
565 -40 320400 13
566 11 320886 7
567 -39 321370 -7
568 -31 321854 -8
569 -1 322338 2
570 -35 322826 -4
571 -13 323310 2
572 -11 323798 1
573 -33 324282 3
574 -21 324766 -7
575 -40 325254 3
576 -25 325740 5
577 -52 326226 19
578 -38 326710 16
579 -9 327194 18
580 -24 327678 -21
581 13 328160 6
582 17 328644 -3
583 25 329128 13
584 -33 329610 -1
585 3 330094 -2
586 -14 330576 -4
587 1 331060 -1
588 -7 331542 6
589 -23 332024 -2
590 9 332506 5
591 -24 332990 12
592 -31 333472 -5
593 -29 333956 0
594 -32 334438 2
595 -16 334920 0
596 -20 335402 3
597 -20 335882 3
598 -10 336362 7
599 -42 336844 4
600 2 337326 1
601 3 337806 0
602 -13 338286 0
603 -6 338766 -2
604 -16 339246 1
605 -35 339726 3
606 19 340204 1
607 -7 340684 2
608 -3 341162 -2
609 -26 341644 1
610 -28 342124 2
611 -8 342604 0
612 -6 343086 7
613 -1 343566 0
614 -23 344044 -3
615 -36 344520 5
616 0 344996 2
617 19 345472 4
618 -2 345952 1
619 -6 346430 0
620 -1 346906 0
621 0 347384 2
622 17 347860 -3
623 -6 348334 3
624 -7 348810 -1
625 8 349290 0
626 -13 349770 6
627 -4 350248 2
628 -3 350726 4
629 1 351202 2
630 14 351676 3
631 -7 352150 -4
632 30 352622 2
633 -8 353096 2
634 -22 353568 6
635 4 354042 4
636 15 354518 -4
637 -8 354992 3
638 -18 355466 5
639 -6 355938 3
640 -4 356408 -4
641 -6 356880 1
642 0 357348 0
643 16 357818 -2
644 3 358288 2
645 15 358758 2
646 -8 359230 0
647 8 359702 5
648 3 360172 0
649 -15 360638 1
650 4 361106 0
651 -7 361574 1
652 -7 362040 -1
653 19 362508 6
654 -10 362976 3
655 -4 363442 0
656 -14 363912 3
657 -9 364382 5
658 7 364848 3
659 -31 365316 -1
660 13 365782 0
661 18 366246 -2
662 -14 366714 4
663 -4 367180 4
664 -35 367648 -2
665 7 368114 4
666 -11 368580 1
667 -13 369048 1
668 3 369516 4
669 4 369982 2
670 24 370446 -4
671 4 370912 5
672 4 371378 0
673 22 371842 3
674 2 372306 2
675 16 372770 3
676 0 373236 2
677 6 373702 0
678 -14 374166 2
679 22 374626 0
680 18 375088 0
681 -6 375554 5
682 12 376016 0
683 12 376480 -2
684 -24 376942 -1
685 -4 377404 6
686 -28 377866 0
687 19 378328 6
688 8 378790 -1
689 13 379248 0
690 -8 379706 0
691 -29 380168 5
692 29 380628 2
693 8 381088 3
694 -9 381546 4
695 12 382004 -2
696 -10 382462 0
697 0 382922 4
698 4 383380 -1
699 -24 383836 3
700 -35 384294 3
701 17 384750 7
702 -1 385210 1
703 11 385666 4
704 15 386120 2
705 -1 386574 1
706 7 387030 -1
707 -15 387484 -3
708 8 387938 1
709 -22 388392 3
710 10 388846 -1
711 -11 389298 -2
712 4 389752 0
713 0 390206 -3
714 -4 390660 -2
715 -10 391108 1
716 10 391554 -4
717 0 392006 3
718 -10 392458 4
719 -12 392906 -4
720 0 392906 -4
0 0 0 0
0 0 0 0
0 0 0 0
0 0 0 0
