0 -13 616 5
1 15 1240 1
2 3 1864 1
3 -15 2486 -1
4 19 3110 2
5 -14 3730 9
6 -20 4354 2
7 -23 4974 4
8 15 5596 0
9 -24 6218 3
10 6 6838 2
11 -2 7458 5
12 29 8080 4
13 -22 8700 0
14 -17 9322 2
15 -11 9944 -4
16 3 10566 2
17 -9 11186 5
18 13 11806 9
19 -4 12428 0
20 7 13046 0
21 4 13668 4
22 -2 14286 0
23 8 14906 1
24 -14 15528 1
25 -35 16148 3
26 14 16768 -2
27 24 17388 -1
28 13 18006 3
29 -10 18626 0
30 -3 19248 3
31 0 19864 0
32 0 20484 5
33 -5 21102 -1
34 -4 21724 -1
35 -8 22342 2
36 8 22958 6
37 2 23578 -4
38 -2 24198 -2
39 -14 24816 0
40 1 25434 10
41 -1 26052 0
42 7 26666 1
43 -28 27284 3
44 16 27904 0
45 -12 28522 4
46 -4 29136 5
47 -8 29754 2
48 -13 30368 4
49 -2 30982 2
50 8 31598 0
51 -49 32216 3
52 6 32834 3
53 16 33452 2
54 -10 34068 1
55 -5 34684 -2
56 2 35302 12
57 14 35916 0
58 26 36536 13
59 12 37152 1
60 -25 37770 -4
61 11 38386 17
62 10 39002 9
63 6 39618 -3
64 36 40234 5
65 -4 40852 9
66 -10 41468 9
67 18 42082 0
68 -27 42694 0
69 10 43308 -2
70 14 43922 0
71 12 44538 -3
72 26 45150 2
73 17 45764 5
74 13 46380 7
75 9 46996 9
76 3 47608 5
77 -6 48222 12
78 -5 48834 7
79 -12 49444 7
80 -13 50056 7
81 10 50666 5
82 -24 51278 6
83 7 51888 5
84 15 52496 3
85 -19 53102 10
86 -37 53710 8
87 2 54318 5
88 12 54924 9
89 8 55530 4
90 -12 56138 1
91 -21 56746 1
92 -10 57356 9
93 33 57962 8
94 19 58570 12
95 19 59176 0
96 -11 59780 2
97 3 60384 8
98 4 60992 0
99 -18 61596 0
100 13 62202 12
101 -19 62806 12
102 -3 63414 1
103 42 64018 4
104 8 64624 8
105 0 65228 13
106 15 65836 4
107 13 66440 1
108 -14 67042 8
109 6 67646 3
110 9 68250 3
111 -27 68854 10
112 14 69460 6
113 20 70064 8
114 26 70668 7
115 -40 71272 8
116 -1 71876 8
117 3 72478 12
118 16 73082 5
119 -12 73688 8
120 -8 74290 7
121 -24 74896 6
122 1 75498 6
123 -1 76104 -3
124 21 76706 8
125 -5 77310 2
126 4 77914 12
127 -10 78518 7
128 -4 79122 6
129 -19 79726 6
130 -12 80328 12
131 6 80932 0
132 -19 81536 6
133 -6 82140 8
134 31 82740 2
135 20 83342 8
136 -22 83940 11
137 -20 84542 9
138 -25 85144 7
139 -8 85748 6
140 2 86354 8
141 -22 86956 3
142 -35 87556 6
143 -27 88156 5
144 23 88756 8
145 12 89356 9
146 9 89958 0
147 12 90560 5
148 -17 91160 8
149 4 91760 12
150 10 92360 4
151 23 92958 10
152 -6 93556 11
153 13 94158 4
154 1 94758 5
155 10 95358 12
156 -9 95956 11
157 -8 96554 4
158 -13 97150 4
159 -10 97748 9
160 17 98342 3
161 -18 98936 7
162 -6 99532 0
163 -1 100130 6
164 9 100726 14
165 16 101320 8
166 -23 101916 5
167 6 102508 3
168 -38 103104 8
169 -15 103700 5
170 -2 104294 10
171 -11 104888 1
172 -26 105482 1
173 17 106074 0
174 4 106666 4
175 -1 107256 7
176 3 107848 1
177 5 108440 9
178 -10 109032 9
179 -9 109626 8
180 -4 110218 14
181 22 110814 2
182 19 111406 9
183 5 111996 9
184 15 112586 0
185 -25 113180 5
186 -16 113770 4
187 -10 114358 6
188 -9 114948 15
189 -29 115536 6
190 -14 116126 3
191 -2 116716 0
192 -16 117304 3
193 11 117892 5
194 6 118484 10
195 -11 119074 4
196 8 119662 7
197 13 120252 7
198 10 120840 11
199 20 121426 -1
200 -12 122014 7
201 18 122602 7
202 0 123188 8
203 -3 123778 9
204 4 124362 11
205 -2 124950 3
206 -32 125538 1
207 27 126128 10
208 0 126718 6
209 -7 127308 6
210 1 127896 -6
211 9 128480 1
212 36 129064 6
213 -3 129648 11
214 -10 130232 13
215 11 130814 9
216 9 131396 3
217 29 131978 8
218 -9 132560 12
219 28 133138 1
220 21 133720 11
221 21 134300 3
222 -15 134884 -1
223 -11 135464 4
224 33 136046 8
225 5 136626 13
226 -1 137210 3
227 -17 137792 12
228 -22 138376 2
229 4 138960 9
230 23 139540 3
231 4 140120 7
232 -6 140700 5
233 -18 141280 12
234 13 141860 7
235 -13 142442 7
236 3 143022 1
237 -41 143600 3
238 16 144180 1
239 -20 144758 7
240 17 145336 8
241 22 145912 6
242 -16 146488 -1
243 22 147066 2
244 -6 147640 9
245 -29 148214 -5
246 -16 148786 10
247 -15 149360 8
248 10 149934 8
249 -7 150508 8
250 -16 151082 11
251 -10 151652 0
252 5 152224 4
253 -7 152796 4
254 -3 153372 7
255 14 153944 14
256 3 154516 0
257 13 155090 7
258 10 155664 7
259 11 156236 8
260 5 156810 2
261 29 157384 8
262 -34 157956 6
263 4 158528 7
264 -10 159098 3
265 3 159672 7
266 -4 160244 5
267 -14 160818 9
268 2 161390 9
269 -21 161960 10
270 -3 162534 14
271 12 163106 8
272 -31 163678 7
273 4 164250 9
274 15 164824 3
275 -3 165396 7
276 -7 165972 0
277 9 166544 7
278 -8 167116 3
279 -2 167684 10
280 -1 168252 9
281 2 168822 2
282 6 169392 4
283 6 169962 1
284 39 170534 7
285 -2 171106 8
286 -32 171680 11
287 16 172252 1
288 32 172822 3
289 2 173396 6
290 57 173968 1
291 15 174536 6
292 -13 175106 10
293 26 175674 12
294 11 176240 -3
295 7 176806 0
296 29 177374 0
297 18 177940 1
298 -13 178506 5
299 12 179074 11
300 -10 179646 9
301 10 180216 8
302 29 180784 8
303 31 181352 7
304 23 181918 2
305 -14 182488 -2
306 -13 183054 11
307 -25 183624 5
308 -11 184192 5
309 -8 184760 6
310 -9 185328 13
311 -2 185894 4
312 28 186460 2
313 -24 187028 5
314 -2 187594 3
315 16 188160 3
316 -12 188726 3
317 -14 189292 2
318 -3 189858 0
319 -16 190424 8
320 -9 190990 2
321 -10 191556 1
322 16 192120 8
323 -21 192686 5
324 -2 193252 6
325 6 193818 -1
326 -6 194382 6
327 -11 194950 3
328 -7 195516 10
329 -16 196082 4
330 4 196646 1
331 0 197210 10
332 11 197778 8
333 -11 198344 1
334 7 198908 10
335 -10 199472 -2
336 -13 200036 9
337 -12 200600 3
338 -15 201160 10
339 -12 201724 9
340 18 202288 8
341 -20 202850 4
342 -7 203418 3
343 -11 203984 10
344 17 204546 6
345 13 205108 5
346 -30 205668 1
347 -8 206230 13
348 -16 206794 9
349 -31 207354 8
350 6 207918 10
351 10 208482 0
352 9 209046 6
353 -22 209608 3
354 -2 210170 11
355 -31 210730 11
356 1 211290 1
357 -19 211848 2
358 -17 212408 6
359 18 212970 -4
360 14 213528 3
361 -2 214086 8
362 -12 214644 4
363 -27 215202 7
364 19 215758 1
365 -17 216318 5
366 -30 216876 6
367 -7 217432 7
368 -24 217990 2
369 21 218544 5
370 -7 219100 7
371 28 219656 4
372 18 220212 3
373 10 220768 3
374 -9 221322 0
375 1 221878 7
376 7 222436 6
377 -12 222996 7
378 5 223554 9
379 12 224116 7
380 -15 224676 13
381 -12 225238 1
382 1 225798 9
383 18 226360 6
384 -37 226922 6
385 -25 227482 -1
386 14 228044 4
387 27 228604 8
388 -20 229164 9
389 13 229724 10
390 -23 230282 7
391 -17 230842 8
392 4 231404 1
393 21 231966 6
394 -6 232526 9
395 -13 233086 6
396 -24 233646 4
397 -10 234202 8
398 -38 234758 3
399 7 235316 4
400 3 235874 5
401 -16 236430 11
402 -15 236986 6
403 -22 237544 6
404 -12 238104 11
405 18 238662 2
406 10 239216 7
407 6 239770 17
408 13 240326 3
409 -9 240876 2
410 -3 241428 8
411 -20 241978 11
412 22 242528 5
413 -27 243080 2
414 19 243624 3
415 -9 244166 0
416 -25 244710 -4
417 -10 245248 9
418 9 245786 10
419 10 246324 -1
420 16 246862 4
421 0 247400 12
422 11 247944 13
423 -3 248492 10
424 -14 249036 3
425 -16 249578 4
426 -10 250118 7
427 15 250656 9
428 8 251194 4
429 -14 251732 10
430 0 252264 0
431 -24 252798 2
432 -19 253332 2
433 17 253866 1
434 7 254400 8
435 6 254932 6
436 21 255464 12
437 21 255994 7
438 -12 256526 0
439 2 257054 4
440 4 257582 9
441 -8 258108 6
442 0 258632 10
443 19 259160 1
444 -1 259686 7
445 2 260206 -1
446 24 260730 4
447 3 261252 5
448 31 261776 12
449 -4 262300 7
450 29 262822 1
451 12 263340 5
452 -15 263858 -2
453 7 264380 4
454 -8 264900 3
455 18 265416 7
456 -8 265936 7
457 21 266452 10
458 25 266968 8
459 16 267484 14
460 4 267998 1
461 -15 268512 8
462 -14 269026 19
463 -14 269540 7
464 16 270050 11
465 3 270560 6
466 -14 271070 8
467 -11 271576 8
468 -16 272086 19
469 -3 272594 2
470 17 273100 9
471 8 273606 1
472 -8 274108 8
473 -21 274608 8
474 27 275114 8
475 -39 275614 12
476 -4 276114 1
477 17 276622 19
478 -10 277128 5
479 -23 277632 1
480 -10 278132 5
481 -8 278638 0
482 11 279138 8
483 -22 279638 11
484 -9 280140 -2
485 0 280640 -3
486 -7 281140 8
487 -5 281640 6
488 -13 282138 2
489 14 282636 0
490 -14 283136 3
491 -11 283634 -1
492 15 284132 13
493 -13 284626 3
494 -1 285122 2
495 -10 285616 5
496 -14 286112 2
497 25 286608 -2
498 -31 287104 7
499 3 287598 4
500 -12 288094 -4
501 2 288588 8
502 16 289080 3
503 10 289576 3
504 -20 290070 3
505 -13 290566 9
506 -28 291058 4
507 -8 291552 5
508 -11 292044 7
509 -29 292538 7
510 6 293030 2
511 -13 293522 7
512 -4 294010 9
513 -18 294500 6
514 9 294992 7
515 -5 295482 11
516 -7 295972 16
517 -25 296462 0
518 -14 296952 7
519 2 297446 10
520 7 297940 3
521 -21 298434 13
522 14 298928 1
523 5 299422 2
524 -15 299916 10
525 -14 300408 -2
526 10 300902 0
527 29 301394 4
528 -31 301882 7
529 4 302368 1
530 15 302858 13
531 10 303348 9
532 -8 303840 2
533 -4 304328 12
534 10 304818 2
535 11 305306 3
536 -23 305794 11
537 12 306280 8
538 -34 306764 13
539 14 307250 14
540 11 307734 10
541 -14 308220 9
542 35 308704 15
543 6 309190 12
544 -26 309676 9
545 -18 310160 1
546 5 310644 -1
547 -6 311128 0
548 -23 311610 0
549 14 312096 0
550 1 312582 11
551 -32 313068 1
552 22 313554 10
553 -6 314038 12
554 -9 314524 2
555 5 315014 6
556 37 315500 4
557 22 315988 15
558 -10 316474 7
559 -19 316958 5
560 -11 317444 9
561 -25 317928 9
562 -11 318410 3
563 10 318894 9
564 0 319378 -4
565 -8 319860 9
566 -2 320346 3
567 -3 320828 6
568 -31 321312 5
569 -13 321796 3
570 -18 322278 11
571 23 322760 7
572 -17 323242 6
573 -7 323724 1
574 27 324206 2
575 1 324690 8
576 -30 325170 7
577 -2 325650 9
578 -14 326132 8
579 6 326614 1
580 -21 327098 5
581 -7 327582 0
582 -43 328066 3
583 -15 328550 -6
584 22 329030 1
585 -24 329510 11
586 -11 329992 6
587 8 330476 9
588 22 330958 8
589 -7 331440 4
590 -21 331920 6
591 -19 332402 0
592 9 332884 6
593 24 333366 0
594 -9 333846 10
595 3 334328 9
596 1 334810 9
597 3 335290 8
598 -18 335770 2
599 2 336248 8
600 -3 336724 13
601 7 337208 5
602 -10 337690 2
603 0 338172 3
604 -1 338650 12
605 -31 339128 8
606 22 339604 10
607 -7 340084 9
608 4 340560 11
609 5 341034 1
610 15 341506 0
611 4 341982 3
612 -16 342456 4
613 -13 342928 9
614 -13 343404 12
615 -29 343876 5
616 -3 344354 8
617 8 344836 13
618 -13 345312 9
619 -4 345786 12
620 0 346258 11
621 15 346732 4
622 -6 347204 10
623 -10 347676 10
624 24 348148 8
625 6 348620 0
626 -8 349092 0
627 12 349566 -2
628 -37 350040 1
629 -29 350512 0
630 -11 350982 11
631 -1 351452 4
632 -16 351920 1
633 -1 352390 6
634 -10 352858 10
635 0 353324 6
636 2 353792 1
637 -26 354266 10
638 -15 354738 5
639 -6 355206 6
640 -3 355676 0
641 -7 356144 13
642 -25 356612 8
643 16 357080 9
644 -11 357548 7
645 8 358016 9
646 -17 358482 6
647 2 358952 6
648 -12 359420 12
649 -12 359886 11
650 -16 360346 8
651 11 360804 5
652 31 361270 0
653 -16 361734 6
654 -14 362200 10
655 2 362664 4
656 22 363128 14
657 22 363594 10
658 -9 364060 4
659 -21 364526 4
660 6 364992 15
661 2 365454 1
662 16 365920 8
663 -2 366388 11
664 -10 366852 14
665 -23 367312 7
666 -14 367774 6
667 -24 368238 10
668 -13 368700 15
669 -7 369160 0
670 -15 369622 2
671 15 370080 12
672 10 370546 3
673 -22 371010 3
674 14 371472 -1
675 -35 371932 -3
676 -21 372390 -1
677 -8 372852 0
678 14 373316 7
679 -21 373776 9
680 -20 374236 5
681 2 374696 0
682 -21 375158 7
683 -16 375620 10
684 -4 376078 8
685 -10 376536 9
686 -18 376992 0
687 -28 377450 6
688 -30 377908 7
689 -3 378366 6
690 -4 378822 7
691 -22 379278 8
692 11 379734 6
693 -23 380194 6
694 9 380652 11
695 2 381106 3
696 -26 381560 0
697 15 382014 0
698 -8 382470 3
699 5 382924 2
700 -35 383376 4
701 -7 383828 -3
702 -9 384278 7
703 -15 384730 10
704 8 385182 12
705 -28 385632 22
706 -10 386080 11
707 31 386530 3
708 -9 386980 7
709 -9 387430 11
710 -14 387876 0
711 -1 388324 10
712 11 388770 9
713 -15 389222 6
714 -5 389670 14
715 5 390114 3
716 -31 390560 9
717 -6 391004 15
718 -15 391448 1
719 3 391894 7
720 0 391894 7
0 0 0 0
0 0 0 0
0 0 0 0
0 0 0 0
