0 -11 614 3
1 -6 1238 1
2 -19 1862 0
3 -1 2486 -4
4 -4 3108 8
5 -9 3730 3
6 -4 4352 3
7 7 4978 -4
8 4 5600 2
9 -10 6220 3
10 -28 6842 7
11 11 7464 8
12 -3 8086 -2
13 -16 8710 4
14 -6 9330 11
15 0 9952 12
16 4 10574 6
17 -16 11196 0
18 29 11818 8
19 10 12436 10
20 12 13058 10
21 20 13680 8
22 -11 14300 8
23 -6 14922 7
24 3 15540 2
25 16 16158 5
26 25 16778 7
27 -5 17398 5
28 -26 18018 8
29 -16 18638 2
30 -3 19258 2
31 -13 19880 8
32 -10 20500 3
33 1 21116 9
34 22 21734 8
35 -36 22352 1
36 -8 22970 8
37 16 23588 7
38 -1 24206 0
39 -2 24824 1
40 0 25446 4
41 -16 26068 4
42 -10 26688 3
43 9 27308 7
44 -1 27926 4
45 -21 28542 8
46 8 29160 10
47 -11 29778 3
48 4 30396 5
49 -1 31016 8
50 37 31630 3
51 2 32248 7
52 7 32864 3
53 7 33482 3
54 -14 34098 10
55 -12 34716 3
56 -8 35332 2
57 30 35950 7
58 19 36566 7
59 3 37184 7
60 35 37802 3
61 2 38418 11
62 -13 39030 8
63 25 39646 7
64 -1 40262 8
65 -7 40878 9
66 -16 41494 11
67 8 42108 4
68 23 42724 9
69 -20 43338 6
70 17 43950 2
71 -17 44566 10
72 -14 45182 5
73 -7 45796 13
74 -7 46410 5
75 -1 47024 3
76 -15 47638 4
77 30 48252 1
78 -4 48864 3
79 3 49478 6
80 20 50090 1
81 3 50702 5
82 -6 51312 4
83 -7 51926 7
84 24 52536 7
85 -12 53146 4
86 8 53758 3
87 7 54368 5
88 24 54976 6
89 -1 55584 11
90 5 56196 0
91 27 56806 5
92 11 57416 10
93 10 58024 9
94 -19 58632 1
95 25 59242 9
96 28 59852 8
97 18 60460 5
98 26 61070 10
99 -7 61682 3
100 25 62290 4
101 15 62900 6
102 21 63510 1
103 15 64122 3
104 22 64730 3
105 7 65338 12
106 6 65948 7
107 -5 66556 16
108 28 67164 4
109 27 67772 5
110 16 68380 9
111 20 68984 0
112 27 69590 14
113 -4 70196 7
114 47 70800 2
115 16 71402 8
116 -28 72006 9
117 44 72610 5
118 -7 73212 5
119 14 73814 14
120 30 74416 10
121 10 75020 8
122 27 75622 10
123 0 76220 11
124 -18 76822 8
125 10 77422 0
126 0 78020 4
127 18 78620 11
128 -21 79222 4
129 5 79826 11
130 30 80430 5
131 8 81030 7
132 -26 81628 7
133 5 82226 8
134 9 82824 5
135 -18 83424 5
136 0 84022 7
137 23 84618 4
138 -28 85216 -8
139 -1 85816 -8
140 25 86416 3
141 10 87014 5
142 -24 87612 4
143 38 88208 5
144 8 88806 -4
145 2 89404 -1
146 4 90000 0
147 6 90594 2
148 40 91188 4
149 14 91784 6
150 22 92382 -1
151 22 92976 4
152 20 93572 3
153 10 94168 -3
154 10 94762 2
155 15 95354 3
156 -10 95946 10
157 -28 96540 9
158 2 97136 10
159 -26 97730 4
160 -27 98328 5
161 -26 98922 0
162 -1 99516 11
163 4 100110 2
164 -3 100704 4
165 -9 101298 2
166 2 101894 3
167 9 102488 3
168 8 103080 7
169 -32 103672 5
170 -26 104266 5
171 -7 104862 12
172 0 105456 10
173 -7 106048 1
174 -2 106640 7
175 -8 107232 1
176 -7 107822 8
177 0 108412 2
178 7 109004 2
179 0 109594 1
180 4 110186 11
181 10 110774 3
182 9 111366 4
183 27 111956 5
184 18 112548 3
185 32 113136 11
186 37 113726 3
187 8 114318 3
188 42 114908 6
189 8 115496 2
190 11 116084 3
191 25 116674 3
192 45 117260 11
193 19 117848 3
194 11 118434 8
195 -14 119022 1
196 29 119608 5
197 70 120196 8
198 42 120782 2
199 4 121368 8
200 -20 121956 11
201 13 122538 3
202 -4 123124 5
203 -1 123710 7
204 31 124298 9
205 10 124884 5
206 28 125468 0
207 -5 126052 10
208 14 126638 4
209 14 127222 6
210 -11 127806 4
211 2 128390 2
212 26 128976 1
213 4 129560 0
214 -11 130146 -6
215 -1 130728 -2
216 24 131312 -3
217 9 131896 -8
218 -16 132482 -9
219 -16 133066 -7
220 -59 133650 -8
221 -3 134234 6
222 9 134818 3
223 6 135404 -2
224 -34 135988 -6
225 -6 136570 -5
226 -39 137152 6
227 -30 137734 13
228 -32 138316 -3
229 6 138900 11
230 -20 139482 8
231 2 140062 -3
232 -10 140642 -4
233 -8 141222 -1
234 -29 141802 3
235 8 142382 11
236 -5 142962 9
237 -22 143544 5
238 -26 144126 11
239 -5 144710 6
240 -21 145292 11
241 -3 145870 9
242 -10 146452 11
243 -12 147034 13
244 -13 147616 15
245 -3 148194 13
246 -13 148768 7
247 -28 149342 2
248 -10 149920 -6
249 -7 150500 2
250 -8 151076 9
251 -11 151654 1
252 4 152230 5
253 7 152806 12
254 5 153382 0
255 2 153958 9
256 -2 154532 16
257 4 155108 -1
258 -40 155682 3
259 -19 156256 -11
260 39 156832 1
261 29 157406 -2
262 -11 157982 4
263 -7 158556 -1
264 16 159130 -6
265 -14 159704 0
266 3 160280 -1
267 -15 160856 1
268 14 161430 0
269 13 162002 6
270 -2 162574 -9
271 -12 163148 -1
272 -8 163722 7
273 -6 164296 -4
274 29 164868 -3
275 -2 165442 3
276 1 166014 4
277 -21 166586 0
278 -16 167156 3
279 8 167728 -2
280 33 168300 2
281 6 168876 -2
282 17 169446 1
283 -21 170018 -8
284 -35 170588 4
285 -13 171158 8
286 -22 171728 8
287 -7 172296 -4
288 21 172868 -6
289 -20 173440 0
290 -37 174012 2
291 -4 174582 0
292 -12 175152 -3
293 -3 175724 0
294 2 176294 -1
295 -26 176868 -3
296 -9 177440 -2
297 -12 178012 -6
298 -12 178582 -6
299 3 179152 -5
300 -51 179722 -5
301 5 180290 -8
302 -37 180858 3
303 7 181428 -2
304 3 181996 0
305 18 182564 2
306 -4 183130 4
307 11 183700 3
308 6 184268 3
309 12 184836 4
310 -4 185406 0
311 29 185978 -1
312 10 186548 -1
313 -8 187116 -1
314 5 187684 0
315 -14 188252 -2
316 -2 188818 3
317 -11 189386 8
318 10 189952 8
319 -15 190518 2
320 -18 191082 -4
321 -4 191648 -3
322 -17 192212 0
323 -1 192778 6
324 9 193342 -2
325 -7 193904 4
326 8 194464 -12
327 -2 195028 -3
328 -7 195590 0
329 4 196154 5
330 13 196718 -8
331 -22 197282 0
332 5 197846 2
333 -17 198408 0
334 15 198972 2
335 -22 199534 -5
336 8 200102 8
337 -25 200664 0
338 -3 201224 -4
339 17 201786 1
340 7 202352 0
341 10 202914 -10
342 25 203476 0
343 7 204038 4
344 -29 204598 11
345 10 205158 7
346 27 205718 0
347 -8 206280 6
348 -19 206842 3
349 2 207400 0
350 -14 207960 7
351 -22 208522 -6
352 -5 209084 -9
353 -5 209644 3
354 -30 210204 4
355 -3 210764 1
356 -10 211322 -1
357 -19 211882 2
358 -21 212440 6
359 -16 212998 5
360 -16 213558 9
361 5 214116 -7
362 -8 214676 3
363 -16 215234 2
364 15 215792 5
365 10 216350 2
366 15 216906 2
367 -4 217464 5
368 23 218020 0
369 4 218578 1
370 -8 219136 2
371 9 219692 -6
372 -16 220248 0
373 -7 220804 -14
374 -1 221360 1
375 -11 221916 10
376 -22 222472 6
377 -20 223032 -1
378 -18 223592 12
379 24 224154 3
380 7 224714 3
381 4 225274 -7
382 3 225834 -10
383 -11 226394 3
384 -12 226958 9
385 -17 227518 -3
386 -14 228078 4
387 22 228638 -1
388 18 229196 2
389 12 229756 1
390 5 230314 -9
391 -25 230872 -3
392 -10 231434 3
393 -13 231990 5
394 -6 232548 11
395 11 233108 11
396 15 233664 6
397 14 234220 9
398 4 234778 7
399 18 235334 1
400 33 235888 10
401 36 236438 4
402 5 236992 7
403 -12 237544 9
404 -35 238092 -6
405 -7 238638 -1
406 2 239184 -3
407 12 239730 4
408 8 240274 3
409 -37 240820 -1
410 5 241366 -15
411 -15 241912 -3
412 3 242456 -5
413 -28 242996 0
414 -8 243538 2
415 -16 244080 0
416 23 244620 12
417 12 245162 2
418 -8 245700 0
419 -7 246238 6
420 -1 246778 -3
421 -1 247316 4
422 -14 247858 -1
423 22 248396 2
424 -26 248936 -9
425 -21 249474 -5
426 35 250008 -8
427 -6 250544 0
428 14 251082 -4
429 7 251620 11
430 -5 252150 -1
431 -15 252684 -10
432 -32 253212 8
433 -21 253742 14
434 -15 254270 10
435 -3 254796 6
436 -38 255324 11
437 -22 255852 6
438 -3 256376 8
439 -22 256900 12
440 -24 257426 5
441 -16 257948 10
442 -19 258470 7
443 -13 258990 6
444 27 259510 3
445 6 260028 5
446 13 260548 6
447 17 261062 4
448 25 261580 8
449 3 262094 4
450 -16 262610 0
451 13 263124 7
452 -37 263638 6
453 -48 264150 -4
454 -2 264664 11
455 3 265178 4
456 5 265690 -6
457 20 266200 -2
458 -7 266704 7
459 -23 267212 5
460 2 267718 2
461 0 268224 3
462 -12 268734 -2
463 -20 269238 3
464 -14 269748 -2
465 12 270254 -4
466 14 270758 -2
467 30 271266 0
468 6 271772 4
469 -11 272276 -5
470 -3 272782 0
471 -6 273286 7
472 5 273790 -2
473 -9 274294 12
474 -13 274796 3
475 3 275296 0
476 13 275794 11
477 -13 276296 0
478 -18 276794 3
479 -16 277292 5
480 -15 277790 11
481 25 278288 9
482 7 278788 -6
483 15 279286 3
484 2 279782 8
485 -7 280280 1
486 1 280776 3
487 -27 281272 -5
488 11 281770 2
489 21 282266 8
490 -10 282756 -2
491 -5 283252 12
492 -8 283748 5
493 42 284242 -1
494 -13 284734 1
495 1 285226 2
496 -2 285720 1
497 11 286212 0
498 27 286702 0
499 -6 287194 -3
500 13 287686 3
501 -13 288176 0
502 6 288668 16
503 -18 289158 2
504 21 289650 9
505 44 290140 4
506 -16 290630 -3
507 -2 291118 -1
508 -2 291608 1
509 -29 292098 -8
510 0 292590 0
511 7 293082 0
512 22 293570 7
513 14 294058 3
514 -6 294546 10
515 0 295036 0
516 20 295526 -5
517 1 296014 -4
518 3 296502 5
519 -3 296992 9
520 29 297484 3
521 -4 297978 4
522 -2 298470 7
523 -27 298960 0
524 11 299452 6
525 14 299942 -1
526 8 300432 9
527 15 300920 0
528 -5 301406 10
529 -2 301896 4
530 1 302382 1
531 -21 302872 5
532 -52 303362 8
533 9 303850 -1
534 -1 304338 -4
535 48 304826 10
536 -6 305316 1
537 10 305806 -4
538 -35 306294 -14
539 -3 306782 9
540 -2 307270 6
541 29 307756 0
542 1 308244 2
543 2 308732 3
544 9 309220 8
545 -23 309708 8
546 9 310196 6
547 23 310682 9
548 5 311170 2
549 21 311658 2
550 10 312144 7
551 21 312628 6
552 13 313114 1
553 -9 313600 2
554 14 314084 -3
555 -12 314570 0
556 -16 315056 5
557 -1 315542 8
558 -15 316026 3
559 5 316510 -3
560 -8 316998 6
561 17 317486 4
562 4 317972 2
563 16 318458 4
564 5 318946 -1
565 3 319432 -5
566 39 319916 5
567 15 320398 5
568 -2 320882 -3
569 10 321366 -2
570 20 321850 0
571 8 322334 0
572 -15 322816 0
573 16 323298 0
574 -9 323780 6
575 -30 324260 3
576 -15 324740 -10
577 7 325222 -1
578 2 325704 2
579 4 326186 7
580 -22 326668 7
581 -5 327150 -3
582 9 327634 -12
583 -1 328120 -10
584 -18 328600 -3
585 -15 329084 1
586 -12 329566 -4
587 -20 330046 4
588 13 330526 4
589 -17 331006 -4
590 -10 331484 8
591 5 331964 9
592 -4 332442 0
593 -3 332922 2
594 -5 333400 0
595 2 333878 4
596 -13 334360 6
597 -25 334842 -1
598 -1 335322 -3
599 9 335802 6
600 -24 336282 0
601 5 336760 4
602 6 337240 0
603 -17 337718 -5
604 -13 338196 -14
605 -7 338674 7
606 2 339150 6
607 -12 339628 -8
608 -7 340104 0
609 14 340580 0
610 0 341054 0
611 -9 341534 8
612 -28 342014 -6
613 17 342492 0
614 -6 342966 5
615 -14 343444 -7
616 -5 343920 1
617 5 344396 8
618 -9 344872 -4
619 -20 345348 -2
620 17 345824 -11
621 -18 346296 7
622 -12 346770 -5
623 5 347244 -1
624 13 347716 5
625 -1 348186 8
626 17 348662 2
627 11 349138 5
628 27 349612 6
629 13 350086 5
630 0 350558 0
631 -12 351028 1
632 -13 351500 6
633 3 351970 4
634 -30 352440 4
635 -15 352910 4
636 10 353382 6
637 12 353856 5
638 10 354330 -5
639 -29 354800 -4
640 -23 355268 5
641 11 355738 -2
642 -4 356206 13
643 18 356674 -4
644 34 357140 -1
645 15 357606 8
646 30 358072 7
647 -10 358540 3
648 -12 359010 0
649 -15 359476 -2
650 -2 359940 10
651 19 360406 -5
652 -10 360872 1
653 -5 361338 0
654 -8 361804 0
655 -11 362268 7
656 -3 362732 -6
657 17 363198 12
658 -2 363666 -1
659 0 364134 3
660 -6 364600 0
661 -10 365064 3
662 -11 365530 -1
663 1 365994 7
664 -32 366458 4
665 -28 366920 7
666 27 367384 4
667 -12 367848 0
668 10 368312 1
669 21 368776 -2
670 -31 369238 6
671 13 369698 -3
672 14 370162 -6
673 26 370624 5
674 10 371086 -4
675 -27 371548 -7
676 -34 372008 -4
677 -8 372472 0
678 8 372934 -1
679 -10 373396 7
680 -29 373858 2
681 -17 374316 0
682 -6 374780 3
683 18 375244 8
684 -32 375704 0
685 0 376162 -5
686 -4 376620 -2
687 17 377082 3
688 -5 377542 6
689 -25 378002 9
690 0 378462 5
691 12 378922 -9
692 -2 379380 -4
693 -4 379840 -3
694 31 380298 2
695 -22 380756 -3
696 -1 381214 4
697 -3 381670 7
698 -9 382128 2
699 -6 382586 4
700 16 383042 -5
701 -5 383498 0
702 -14 383954 9
703 -12 384412 3
704 -35 384870 12
705 6 385326 7
706 -35 385782 -8
707 -11 386236 -4
708 2 386692 -4
709 3 387148 1
710 6 387600 -12
711 4 388056 3
712 1 388508 1
713 14 388960 15
714 -5 389414 -2
715 -3 389868 6
716 -6 390324 0
717 -27 390774 10
718 -7 391228 -1
719 9 391680 9
720 0 391680 9
0 0 0 0
0 0 0 0
0 0 0 0
0 0 0 0
