0 26 826 1
1 -15 1664 1
2 -8 2504 -14
3 4 3340 -13
4 17 4178 -11
5 8 5018 27
6 -16 5860 3
7 -13 6694 4
8 -11 7530 3
9 6 8370 0
10 18 9212 0
11 10 10050 -24
12 -14 10882 11
13 16 11716 0
14 7 12550 -11
15 0 13390 0
16 -17 14226 9
17 23 15064 19
18 21 15902 11
19 29 16742 13
20 22 17576 -23
21 -8 18414 -19
22 10 19244 6
23 -4 20074 8
24 8 20908 -9
25 -1 21742 -4
26 -14 22576 -24
27 -12 23410 12
28 17 24244 10
29 -8 25070 18
30 2 25902 -18
31 -5 26730 -13
32 7 27562 -1
33 -8 28392 14
34 11 29226 12
35 5 30060 -3
36 -23 30892 6
37 4 31718 12
38 0 32546 -10
39 -11 33374 13
40 -21 34196 19
41 0 35028 15
42 -4 35858 14
43 24 36686 -26
44 12 37512 -27
45 -8 38340 -1
46 -22 39162 11
47 -47 39992 15
48 10 40818 -8
49 8 41646 18
50 0 42470 14
51 -6 43294 21
52 48 44124 3
53 30 44950 -5
54 5 45774 0
55 -2 46602 7
56 2 47426 14
57 11 48246 6
58 9 49070 -16
59 -21 49890 -7
60 -23 50712 11
61 -13 51534 14
62 7 52354 -7
63 -3 53174 11
64 -29 53992 5
65 -7 54814 8
66 -4 55630 -4
67 -23 56448 -4
68 20 57268 -18
69 34 58086 0
70 11 58904 -2
71 10 59722 23
72 25 60536 -5
73 29 61362 -8
74 -8 62178 22
75 11 62994 -1
76 11 63810 -13
77 7 64624 -8
78 -4 65436 0
79 -26 66248 3
80 -34 67060 1
81 -6 67874 -6
82 -8 68690 12
83 -20 69502 -14
84 14 70314 0
85 -22 71124 -4
86 12 71934 16
87 5 72744 19
88 -16 73556 17
89 11 74370 -9
90 -8 75182 18
91 17 75992 2
92 13 76804 -8
93 11 77614 21
94 12 78428 -5
95 -34 79240 -10
96 18 80048 7
97 26 80856 4
98 15 81662 -8
99 10 82476 0
100 -17 83288 -8
101 -5 84098 -13
102 -18 84906 16
103 -13 85712 2
104 -10 86520 0
105 -5 87326 1
106 -9 88134 -3
107 4 88940 5
108 6 89752 -3
109 -35 90556 19
110 -29 91366 18
111 -13 92172 -2
112 7 92976 4
113 -24 93780 2
114 -8 94584 4
115 -2 95390 11
116 -13 96196 -3
117 1 96996 2
118 11 97800 -9
119 -13 98604 -17
120 1 99408 11
121 13 100208 4
122 4 101010 2
123 36 101816 5
124 -6 102620 -14
125 15 103420 15
126 30 104220 -8
127 20 105018 -27
128 22 105818 -13
129 -17 106620 -13
130 -5 107414 -6
131 19 108214 17
132 4 109012 -3
133 10 109808 -3
134 -3 110602 15
135 31 111398 4
136 -1 112190 -16
137 8 112984 -8
138 12 113778 -12
139 -23 114568 0
140 -14 115356 -4
141 -2 116152 29
142 -18 116940 14
143 -15 117730 -20
144 -15 118520 -23
145 -30 119308 17
146 -15 120094 13
147 -11 120880 22
148 -17 121664 -27
149 -20 122450 7
150 7 123234 -17
151 -26 124012 -4
152 12 124794 9
153 -5 125574 0
154 -19 126352 5
155 -21 127130 -8
156 8 127904 -1
157 -6 128684 7
158 -15 129460 -15
159 -26 130236 5
160 36 131006 20
161 29 131782 4
162 -19 132552 -3
163 2 133320 20
164 -14 134090 12
165 -27 134856 26
166 -8 135630 5
167 -39 136406 12
168 -17 137182 1
169 -6 137958 5
170 -11 138734 -1
171 -13 139506 -1
172 -1 140278 -5
173 11 141056 3
174 0 141830 22
175 -5 142604 4
176 -12 143376 0
177 -8 144146 0
178 7 144922 5
179 6 145694 6
180 -16 146466 2
181 -18 147240 2
182 -28 148012 0
183 -53 148784 -4
184 27 149554 -7
185 13 150322 24
186 7 151090 18
187 31 151860 11
188 -15 152630 8
189 -11 153396 -5
190 -16 154162 13
191 -32 154926 -11
192 -5 155692 8
193 13 156456 18
194 9 157220 10
195 10 157984 -18
196 21 158746 10
197 -6 159510 2
198 17 160274 -15
199 -11 161038 15
200 7 161802 -12
201 2 162566 -8
202 -19 163326 15
203 -12 164090 10
204 27 164852 6
205 -11 165614 17
206 -27 166378 10
207 -5 167140 22
208 25 167900 22
209 -5 168664 4
210 -14 169422 -10
211 25 170180 3
212 -19 170936 5
213 0 171688 -4
214 -4 172442 12
215 -5 173200 4
216 -25 173962 -9
217 -1 174720 8
218 -21 175474 16
219 3 176228 4
220 19 176982 -6
221 23 177736 23
222 27 178486 -8
223 -13 179240 -1
224 -7 179990 -1
225 -18 180746 2
226 4 181500 9
227 -2 182250 -32
228 37 183004 -33
229 33 183754 -26
230 28 184504 7
231 -7 185256 16
232 15 186008 6
233 -3 186756 20
234 7 187504 12
235 -9 188252 12
236 -18 189002 7
237 -2 189750 13
238 19 190494 8
239 -8 191244 4
240 -13 191988 10
241 4 192736 2
242 -9 193480 7
243 12 194230 1
244 8 194974 13
245 -7 195724 11
246 -7 196470 -25
247 2 197220 -6
248 -26 197962 10
249 -28 198702 11
250 8 199446 13
251 0 200196 1
252 2 200942 -5
253 -42 201686 1
254 -14 202430 -4
255 -9 203174 -2
256 1 203912 -3
257 1 204656 0
258 -22 205398 -1
259 -15 206142 2
260 -1 206880 7
261 -16 207624 21
262 -42 208362 12
263 15 209106 4
264 -4 209848 -27
265 4 210584 15
266 16 211322 16
267 19 212058 19
268 -5 212790 -12
269 12 213524 20
270 4 214260 17
271 0 214992 2
272 -23 215726 11
273 3 216458 16
274 -45 217190 9
275 17 217926 16
276 -7 218658 7
277 -10 219386 -18
278 23 220114 -13
279 2 220842 20
280 -5 221572 14
281 -13 222302 10
282 -39 223032 20
283 -43 223758 -5
284 -23 224488 12
285 -35 225216 7
286 -38 225942 14
287 -46 226668 4
288 6 227374 -5
289 27 228086 8
290 -26 228810 -2
291 -12 229532 14
292 -36 230256 0
293 -3 230976 2
294 -30 231694 15
295 -3 232408 1
296 8 233122 -2
297 10 233844 0
298 -21 234556 6
299 20 235274 13
300 -26 235992 -4
301 -19 236706 0
302 -20 237426 4
303 3 238148 -27
304 21 238866 -26
305 36 239586 -29
306 29 240306 18
307 -14 241024 -1
308 -3 241740 -4
309 -12 242458 -5
310 -10 243174 6
311 15 243882 -4
312 -4 244594 9
313 -5 245306 6
314 -35 246012 10
315 -16 246718 19
316 -39 247418 -9
317 7 248120 6
318 0 248820 16
319 14 249516 1
320 4 250214 17
321 -12 250914 6
322 19 251602 7
323 -8 252300 3
324 -11 252980 -1
325 -18 253668 9
326 12 254346 2
327 -1 255032 16
328 -5 255720 0
329 -31 256402 11
330 -16 257078 -17
331 -12 257754 -9
332 -35 258420 -9
333 -3 259092 -3
334 -5 259770 -1
335 -13 260442 22
336 -15 261118 0
337 8 261788 13
338 -1 262460 12
339 -42 263128 -3
340 -33 263792 6
341 -11 264454 9
342 -21 265114 1
343 -29 265774 1
344 -27 266438 -2
345 17 267096 2
346 -7 267756 -25
347 -6 268412 2
348 -20 269064 1
349 16 269716 16
350 15 270366 -34
351 9 271014 14
352 -1 271662 18
353 42 272310 -27
354 16 272952 -27
355 14 273592 -33
356 8 274240 -29
357 11 274882 -22
358 3 275526 22
359 22 276166 -27
360 10 276806 15
361 -20 277442 -2
362 3 278082 19
363 -2 278718 -25
364 14 279356 19
365 27 279996 0
366 0 280634 0
367 -15 281266 -28
368 -2 281902 19
369 57 282532 -22
370 -6 283164 -31
371 10 283798 16
372 -2 284430 -32
373 -25 285060 23
374 -27 285692 0
375 17 286324 14
376 -32 286954 -3
377 -46 287580 0
378 -25 288212 -1
379 -27 288842 6
380 -32 289472 2
381 -47 290100 5
382 -28 290730 17
383 -10 291356 16
384 -9 291984 2
385 -27 292612 -1
386 -19 293240 -3
387 -30 293866 14
388 -7 294492 -12
389 10 295120 0
390 -38 295744 2
391 26 296368 -1
392 31 296994 1
393 9 297620 5
394 17 298246 21
395 12 298870 5
396 7 299496 -4
397 -7 300118 9
398 15 300740 21
399 -29 301364 13
400 -11 301984 16
401 2 302608 -2
402 2 303228 -15
403 -1 303854 16
404 -9 304478 7
405 -30 305100 13
406 -11 305720 -3
407 -14 306342 7
408 -12 306960 -12
409 -28 307578 -23
410 2 308198 8
411 18 308816 13
412 46 309432 20
413 17 310056 -30
414 12 310672 -24
415 -6 311290 0
416 -15 311908 1
417 -33 312524 0
418 -28 313142 -3
419 -37 313758 -7
420 -27 314372 -28
421 18 314992 -25
422 15 315608 12
423 23 316226 4
424 -10 316840 -22
425 10 317456 11
426 -4 318070 10
427 21 318682 10
428 -13 319296 10
429 -21 319908 12
430 56 320516 15
431 35 321128 6
432 -18 321740 7
433 20 322352 11
434 24 322964 7
435 -4 323574 3
436 -11 324182 8
437 20 324792 -7
438 -20 325400 17
439 -11 326010 23
440 12 326616 2
441 -3 327224 10
442 -12 327832 -10
443 -22 328438 -12
444 -3 329048 1
445 12 329654 -11
446 9 330258 -8
447 -7 330864 5
448 -17 331470 -16
449 4 332076 -9
450 7 332680 21
451 -26 333284 16
452 -13 333890 -7
453 -28 334496 12
454 -13 335100 6
455 -13 335704 -13
456 24 336306 5
457 -18 336910 -7
458 9 337512 -4
459 -30 338112 25
460 9 338716 -5
461 -2 339318 4
462 -13 339920 -5
463 -17 340522 -6
464 -9 341122 0
465 0 341724 8
466 -34 342324 1
467 -41 342924 5
468 -19 343524 -3
469 17 344120 12
470 0 344720 9
471 -1 345316 0
472 -30 345912 12
473 -16 346508 -10
474 7 347108 13
475 -12 347706 -15
476 7 348306 2
477 16 348904 5
478 20 349500 -9
479 11 350096 14
480 21 350690 -2
481 6 351286 16
482 21 351878 13
483 -9 352468 4
484 11 353060 -28
485 -6 353648 -16
486 1 354240 2
487 -25 354832 -16
488 9 355422 -10
489 -7 356014 -2
490 -4 356600 -6
491 -16 357190 -20
492 -18 357778 -8
493 -12 358364 -4
494 22 358950 -33
495 22 359534 16
496 4 360118 -7
497 -13 360702 12
498 27 361284 13
499 -13 361866 19
500 0 362446 20
501 12 363028 -7
502 -17 363552 14
503 29 364088 16
504 -10 364670 10
505 -17 365252 11
506 -2 365834 12
507 3 366412 3
508 -18 366992 11
509 -2 367570 18
510 0 368144 0
511 -6 368720 0
512 -12 369294 -3
513 -28 369870 19
514 -19 370446 0
515 -18 371016 -9
516 16 371590 15
517 -7 372166 11
518 9 372740 0
519 -42 373312 20
520 -20 373886 5
521 -19 374460 13
522 1 375034 -15
523 27 375604 3
524 -11 376178 6
525 -23 376748 -22
526 11 377316 -6
527 -6 377886 -1
528 -22 378458 18
529 1 379028 -18
530 -1 379598 7
531 -15 380170 -9
532 -14 380742 -9
533 0 381310 -10
534 9 381878 20
535 4 382446 0
536 3 383014 0
537 -3 383580 18
538 12 384140 11
539 4 384700 19
540 4 385260 15
541 -15 385824 -6
542 -14 386380 -24
543 28 386942 3
544 -26 387502 -3
545 -8 388064 9
546 14 388626 22
547 45 389186 -8
548 -13 389744 18
549 25 390300 18
550 26 390860 11
551 5 391416 -7
552 3 391970 7
553 -25 392524 6
554 -25 393074 -6
555 14 393628 -1
556 28 394178 -13
557 22 394728 15
558 22 395278 15
559 9 395822 15
560 0 396374 -3
561 -28 396924 -2
562 -20 397472 8
563 -1 398020 -12
564 2 398564 0
565 -12 399108 -17
566 -11 399650 -8
567 -6 400192 -14
568 -11 400734 0
569 -8 401272 20
570 -21 401814 -26
571 -23 402354 18
572 7 402894 0
573 -11 403430 26
574 0 403968 5
575 6 404500 13
576 -2 405032 -19
577 19 405568 17
578 6 406102 -30
579 51 406634 -31
580 12 407164 -28
581 18 407694 8
582 3 408222 -8
583 3 408752 9
584 -15 409280 20
585 -22 409808 0
586 20 410338 5
587 6 410866 10
588 -7 411392 19
589 -12 411918 19
590 0 412442 2
591 -9 412968 -2
592 7 413492 -10
593 20 414016 16
594 16 414538 16
595 12 415058 4
596 -13 415580 0
597 9 416098 -7
598 -7 416616 1
599 -7 417134 8
600 19 417646 18
601 -7 418164 15
602 13 418682 9
603 22 419196 -9
604 -23 419714 16
605 -1 420226 -28
606 6 420740 4
607 -1 421256 17
608 -6 421772 11
609 6 422284 -13
610 -4 422796 8
611 17 423308 13
612 20 423820 11
613 12 424330 3
614 3 424842 -3
615 13 425350 13
616 1 425860 3
617 -30 426370 7
618 15 426882 0
619 13 427390 -9
620 5 427898 6
621 -33 428406 1
622 -28 428914 4
623 -19 429420 12
624 2 429926 9
625 10 430432 -12
626 -8 430938 -3
627 12 431442 5
628 0 431946 5
629 -6 432450 19
630 -23 432952 14
631 -22 433452 11
632 -11 433956 12
633 -11 434460 16
634 -11 434966 17
635 13 435468 15
636 -6 435970 -34
637 16 436472 -16
638 6 436972 21
639 -6 437472 17
640 -6 437972 13
641 -6 438466 16
642 -36 438966 12
643 4 439464 16
644 6 439964 14
645 -2 440464 14
646 -9 440960 18
647 -6 441460 24
648 11 441958 5
649 -23 442456 10
650 -23 442952 17
651 1 443446 17
652 24 443946 22
653 9 444446 19
654 -8 444942 13
655 -6 445432 13
656 -4 445922 20
657 -3 446420 20
658 2 446916 15
659 -22 447410 11
660 17 447904 7
661 -6 448392 13
662 -27 448888 22
663 -8 449384 14
664 -31 449878 15
665 10 450368 17
666 8 450856 26
667 -3 451348 17
668 12 451842 18
669 -23 452332 14
670 11 452824 14
671 -14 453312 14
672 -22 453802 22
673 4 454292 19
674 11 454782 11
675 -18 455272 15
676 13 455760 15
677 18 456250 13
678 9 456740 23
679 2 457230 19
680 -25 457716 19
681 -9 458200 21
682 -23 458690 14
683 -20 459180 16
684 -17 459668 14
685 7 460152 17
686 -1 460636 16
687 15 461120 14
688 18 461606 23
689 -15 462092 16
690 -28 462578 22
691 -4 463064 14
692 -17 463548 16
693 -10 464034 14
694 -24 464520 10
695 -23 465004 8
696 5 465488 15
697 2 465968 19
698 -3 466454 15
699 -30 466936 19
700 -5 467416 15
701 -4 467898 19
702 2 468376 20
703 0 468858 16
704 14 469342 6
705 -13 469822 18
706 -3 470302 16
707 9 470778 22
708 0 471258 10
709 -14 471738 13
710 -5 472214 20
711 29 472690 13
712 -11 473164 15
713 -15 473644 19
714 -20 474122 14
715 -18 474596 17
716 -22 475074 17
717 -7 475548 9
718 -8 476024 10
719 -6 476498 16
720 0 476498 16
0 0 0 0
0 0 0 0
0 0 0 0
0 0 0 0
