0 12 826 -33
1 -14 1664 -8
2 -1 2508 23
3 11 3342 14
4 10 4178 0
5 13 5012 9
6 -17 5846 7
7 14 6682 4
8 10 7520 -7
9 20 8356 8
10 -6 9188 3
11 -16 10022 14
12 15 10862 24
13 23 11696 6
14 -5 12532 10
15 -15 13364 11
16 15 14198 19
17 -11 15034 6
18 -8 15866 0
19 2 16698 8
20 -9 17530 1
21 -1 18368 -10
22 15 19200 -2
23 -22 20030 6
24 5 20864 -2
25 20 21696 0
26 17 22526 -29
27 -20 23358 -25
28 5 24190 1
29 -14 25018 -29
30 20 25850 -3
31 19 26680 -7
32 14 27508 18
33 -21 28334 8
34 -10 29164 3
35 -28 29990 25
36 -2 30818 9
37 2 31644 9
38 -10 32472 19
39 -29 33300 5
40 -18 34124 1
41 -10 34952 4
42 -3 35778 11
43 33 36606 -2
44 -3 37432 -1
45 6 38258 19
46 11 39082 -23
47 -4 39906 -5
48 21 40726 14
49 -13 41552 8
50 6 42378 3
51 1 43200 8
52 -25 44024 0
53 14 44842 14
54 -4 45664 -2
55 -3 46484 -8
56 -24 47306 11
57 9 48128 6
58 26 48952 -14
59 -28 49776 1
60 1 50592 -2
61 -3 51410 -20
62 42 52228 -23
63 17 53048 5
64 3 53868 14
65 -5 54682 16
66 -3 55500 -23
67 10 56316 -18
68 -20 57134 -6
69 -4 57946 12
70 10 58768 18
71 14 59584 -1
72 13 60400 8
73 -4 61218 -10
74 6 62034 0
75 -16 62850 15
76 2 63668 7
77 40 64486 11
78 -24 65298 16
79 17 66112 -5
80 -12 66928 -13
81 -7 67742 -6
82 -6 68554 3
83 -8 69370 12
84 -12 70180 27
85 1 70996 -1
86 -13 71806 6
87 18 72618 -1
88 -44 73428 2
89 -16 74238 -7
90 2 75048 7
91 -20 75860 1
92 0 76666 13
93 -9 77478 -4
94 12 78286 15
95 18 79094 0
96 -11 79906 -14
97 10 80710 -19
98 -8 81518 17
99 -28 82326 -23
100 -8 83134 12
101 -3 83940 11
102 17 84748 12
103 -1 85558 23
104 10 86366 0
105 -32 87174 3
106 -12 87980 7
107 7 88788 -7
108 2 89592 14
109 -14 90398 3
110 -14 91200 -18
111 -1 92004 -15
112 -25 92810 7
113 -5 93612 16
114 -12 94416 6
115 -3 95220 8
116 3 96024 -3
117 -6 96826 -4
118 -23 97622 7
119 11 98424 -8
120 6 99224 -1
121 2 100024 4
122 -11 100828 12
123 -18 101632 10
124 -24 102430 4
125 -3 103228 9
126 2 104028 3
127 -26 104828 9
128 11 105628 -4
129 -24 106424 0
130 -27 107222 6
131 14 108016 18
132 -14 108814 3
133 -4 109610 12
134 34 110404 20
135 -14 111196 6
136 18 111990 -8
137 1 112782 2
138 -21 113574 8
139 4 114366 17
140 4 115156 -2
141 2 115946 13
142 8 116736 4
143 1 117518 -5
144 -15 118304 -3
145 3 119090 16
146 -2 119874 14
147 -3 120652 5
148 16 121430 18
149 6 122210 3
150 -32 122988 8
151 -15 123766 6
152 -5 124542 3
153 -14 125320 -10
154 -17 126096 -9
155 12 126870 23
156 -28 127648 -1
157 19 128420 -11
158 -13 129194 5
159 -2 129966 -10
160 46 130736 -14
161 -7 131506 -23
162 11 132278 -29
163 13 133052 -6
164 -29 133822 -10
165 -2 134598 11
166 -5 135368 0
167 10 136140 2
168 -28 136916 21
169 -15 137690 -21
170 26 138462 -5
171 -6 139234 0
172 -21 140008 -12
173 -13 140784 -18
174 -17 141556 21
175 -30 142328 -16
176 -3 143098 15
177 -23 143870 16
178 -2 144648 0
179 10 145418 1
180 10 146186 0
181 17 146956 6
182 6 147722 20
183 28 148490 -7
184 -3 149260 25
185 14 150032 13
186 -15 150798 -4
187 8 151568 21
188 26 152336 -9
189 24 153108 2
190 11 153872 -1
191 9 154634 16
192 4 155402 -9
193 11 156168 5
194 -10 156936 19
195 -4 157700 1
196 21 158464 4
197 3 159232 -21
198 -16 159996 4
199 -34 160762 2
200 9 161524 11
201 -10 162286 17
202 -22 163046 -14
203 6 163806 2
204 -5 164566 6
205 38 165328 16
206 -4 166088 26
207 3 166848 7
208 35 167604 -12
209 -23 168368 15
210 -14 169124 13
211 -28 169880 13
212 -7 170640 11
213 -15 171396 7
214 3 172158 1
215 -34 172916 4
216 -15 173672 -8
217 -19 174426 -7
218 -11 175178 5
219 -5 175932 -8
220 -15 176690 6
221 -15 177448 6
222 -9 178204 -5
223 -24 178958 13
224 7 179712 -7
225 12 180466 7
226 -22 181216 17
227 0 181968 5
228 -17 182722 -4
229 31 183472 13
230 19 184224 -6
231 9 184974 5
232 -14 185722 4
233 19 186470 0
234 0 187218 16
235 -38 187966 -12
236 -6 188712 1
237 -7 189458 -8
238 8 190204 -6
239 1 190954 16
240 35 191704 -12
241 -13 192452 -9
242 18 193204 -9
243 13 193950 24
244 -12 194698 7
245 23 195448 6
246 -8 196192 -1
247 -4 196940 19
248 -7 197690 12
249 -1 198434 5
250 6 199182 -3
251 -5 199926 5
252 -10 200670 21
253 -40 201416 11
254 -21 202158 3
255 -33 202902 3
256 9 203646 -24
257 13 204390 -36
258 16 205134 -29
259 43 205876 16
260 6 206622 15
261 2 207362 -30
262 -8 208100 9
263 51 208834 5
264 -3 209574 19
265 -21 210312 21
266 -2 211050 17
267 -20 211788 19
268 5 212522 5
269 -7 213260 8
270 -11 213998 4
271 -3 214730 -29
272 -6 215462 -18
273 -20 216194 0
274 -38 216928 -13
275 -31 217662 6
276 -9 218394 15
277 11 219128 18
278 7 219858 17
279 1 220592 16
280 -14 221328 17
281 -29 222062 8
282 -12 222794 17
283 20 223526 12
284 -12 224252 16
285 -7 224978 18
286 7 225706 15
287 -14 226434 8
288 -5 227164 2
289 -18 227890 5
290 1 228616 -3
291 17 229344 17
292 -19 230074 -9
293 30 230800 9
294 16 231522 3
295 -19 232250 3
296 -26 232976 -16
297 16 233700 -5
298 -7 234430 6
299 -1 235152 13
300 12 235878 0
301 -3 236602 10
302 -14 237322 24
303 -8 238046 -26
304 4 238764 -24
305 -15 239484 -15
306 -2 240204 -9
307 -12 240926 16
308 25 241644 17
309 -15 242360 15
310 6 243078 14
311 -2 243790 -11
312 17 244504 20
313 18 245216 -11
314 -24 245928 -11
315 -10 246634 2
316 -5 247344 8
317 -33 248048 8
318 10 248754 15
319 27 249458 5
320 0 250160 -11
321 3 250860 5
322 -16 251552 4
323 5 252246 7
324 12 252938 21
325 -4 253628 -2
326 26 254316 3
327 5 255002 -8
328 -16 255690 22
329 -11 256376 29
330 -5 257056 3
331 -3 257744 4
332 -7 258420 -5
333 40 259096 4
334 -24 259766 1
335 12 260438 -18
336 -32 261114 -25
337 21 261780 10
338 -6 262446 -12
339 -11 263114 5
340 -33 263778 9
341 -23 264446 2
342 -4 265106 2
343 -8 265766 3
344 -1 266422 -21
345 -26 267076 -19
346 -20 267736 -14
347 -13 268390 -6
348 12 269040 -3
349 -11 269692 10
350 27 270340 10
351 -17 270990 6
352 -4 271642 -7
353 5 272292 -8
354 14 272938 8
355 -29 273584 1
356 -29 274230 2
357 -27 274874 14
358 -4 275516 3
359 -29 276154 2
360 -21 276796 0
361 -51 277434 25
362 11 278074 -3
363 1 278712 -7
364 13 279350 -1
365 1 279990 13
366 -19 280624 16
367 -15 281258 12
368 -5 281894 16
369 -3 282532 8
370 5 283166 -16
371 -5 283802 6
372 -16 284436 -3
373 9 285068 -10
374 6 285700 0
375 -24 286332 15
376 49 286966 -14
377 -3 287598 -14
378 -11 288228 17
379 -17 288860 11
380 -5 289490 -10
381 17 290122 -3
382 26 290754 25
383 -8 291386 19
384 -10 292016 18
385 -18 292646 -7
386 -7 293272 -6
387 16 293896 -13
388 3 294524 -2
389 6 295154 11
390 -4 295780 11
391 -16 296406 19
392 9 297032 18
393 22 297656 14
394 -9 298284 15
395 30 298908 -3
396 25 299534 -6
397 -1 300160 15
398 16 300782 19
399 8 301406 -29
400 18 302030 20
401 29 302648 -31
402 21 303272 20
403 -8 303896 0
404 4 304516 2
405 36 305132 23
406 0 305752 6
407 -12 306372 6
408 14 306990 16
409 55 307610 26
410 1 308228 -27
411 5 308844 20
412 33 309462 -27
413 27 310082 11
414 -7 310698 -6
415 7 311318 12
416 -18 311934 14
417 -38 312550 -6
418 0 313166 -16
419 3 313782 15
420 -22 314400 -11
421 -8 315018 1
422 -5 315634 10
423 -4 316248 -3
424 -17 316862 0
425 -3 317476 10
426 2 318084 8
427 34 318700 12
428 18 319310 11
429 -2 319924 -3
430 15 320536 24
431 12 321146 7
432 -3 321758 -25
433 28 322366 18
434 19 322976 13
435 1 323586 18
436 42 324198 17
437 21 324808 -23
438 2 325416 21
439 -9 326024 -24
440 13 326634 -7
441 -29 327242 16
442 23 327850 14
443 9 328456 19
444 0 329062 -10
445 9 329666 3
446 -26 330272 -4
447 -4 330878 -11
448 -12 331480 6
449 -2 332084 6
450 -29 332688 6
451 -9 333292 10
452 -1 333896 -11
453 -17 334500 21
454 -25 335100 4
455 -12 335702 9
456 -27 336306 -1
457 -34 336906 0
458 -17 337508 1
459 11 338110 13
460 9 338716 13
461 -8 339316 -3
462 -36 339916 22
463 -22 340518 -8
464 -19 341116 -4
465 -28 341718 -8
466 -2 342316 -1
467 -18 342914 16
468 -25 343516 -4
469 -27 344114 19
470 -8 344712 12
471 12 345308 0
472 -19 345906 4
473 -31 346500 0
474 20 347098 -3
475 1 347694 2
476 -9 348292 6
477 -1 348888 6
478 0 349482 19
479 24 350076 11
480 -12 350670 -4
481 -3 351264 -6
482 -24 351860 20
483 -2 352454 -3
484 -2 353042 -1
485 8 353634 -25
486 -34 354226 -10
487 13 354814 20
488 -29 355406 15
489 8 355990 3
490 -7 356574 23
491 4 357158 0
492 -7 357744 6
493 -8 358330 -18
494 -17 358916 -6
495 -11 359502 13
496 7 360086 8
497 -19 360670 -12
498 18 361250 -8
499 -7 361834 20
500 -12 362418 -31
501 42 363000 19
502 36 363580 8
503 12 364162 20
504 -1 364742 0
505 -2 365320 -2
506 17 365898 17
507 -10 366472 -29
508 6 367052 9
509 10 367632 -5
510 -14 368208 -6
511 21 368782 -2
512 24 369358 17
513 5 369922 8
514 -3 370494 -20
515 -28 371070 6
516 2 371644 14
517 -26 372222 -22
518 -8 372798 11
519 -37 373368 4
520 3 373940 6
521 -5 374512 12
522 -21 375084 13
523 -2 375654 11
524 15 376228 7
525 -28 376798 0
526 29 377368 -3
527 -27 377938 4
528 2 378506 6
529 20 379076 3
530 -16 379646 10
531 4 380216 -25
532 -22 380784 14
533 4 381346 3
534 -19 381912 -1
535 -20 382478 -4
536 -29 383044 17
537 20 383608 4
538 -39 384172 -6
539 16 384732 20
540 8 385294 -3
541 -1 385856 0
542 37 386416 20
543 -33 386972 21
544 -1 387532 26
545 8 388088 -1
546 -51 388646 -1
547 -13 389198 -8
548 -10 389752 -8
549 -2 390306 3
550 -8 390858 -11
551 36 391414 18
552 16 391968 -10
553 12 392516 -5
554 -17 393066 -1
555 -21 393612 -12
556 16 394166 -8
557 18 394712 -7
558 32 395256 -10
559 -18 395806 -9
560 -29 396346 22
561 43 396892 -10
562 -12 397438 -5
563 20 397980 -11
564 -6 398520 -6
565 0 399060 -10
566 -14 399598 14
567 26 400140 18
568 14 400680 -11
569 30 401216 -12
570 -4 401752 12
571 -9 402286 17
572 -9 402824 11
573 31 403358 20
574 -2 403894 -16
575 24 404428 -15
576 11 404958 -7
577 -10 405492 11
578 -15 406024 -18
579 10 406554 -18
580 11 407086 -20
581 -8 407614 -19
582 4 408144 20
583 -37 408674 10
584 -8 409200 -22
585 16 409728 -18
586 5 410252 -16
587 -20 410778 7
588 8 411304 22
589 30 411826 -17
590 18 412350 15
591 -11 412872 19
592 2 413396 -5
593 9 413916 17
594 15 414436 18
595 -12 414958 16
596 13 415476 27
597 19 415998 -13
598 6 416514 -13
599 -7 417030 -8
600 -8 417550 -14
601 3 418062 15
602 5 418578 -12
603 14 419094 -19
604 24 419608 21
605 22 420124 25
606 5 420636 -17
607 10 421152 14
608 -26 421664 -4
609 -1 422174 -19
610 19 422684 -18
611 2 423194 -11
612 13 423706 -23
613 -18 424218 -12
614 11 424728 -8
615 -12 425236 -12
616 4 425744 -14
617 -3 426254 14
618 -16 426762 13
619 3 427270 16
620 -1 427776 14
621 -8 428280 -18
622 16 428784 20
623 -14 429292 20
624 -42 429798 3
625 -11 430302 21
626 -1 430806 -5
627 21 431310 19
628 -5 431812 0
629 -46 432314 14
630 -30 432816 -7
631 -30 433320 -6
632 11 433822 8
633 -4 434326 -6
634 -24 434828 -5
635 -3 435328 18
636 -6 435826 -9
637 22 436326 -3
638 -1 436826 -1
639 -17 437326 -5
640 -18 437826 -2
641 -11 438326 0
642 -16 438822 13
643 -15 439320 19
644 -5 439816 -10
645 2 440312 19
646 8 440810 -1
647 -12 441308 23
648 -16 441806 -1
649 -16 442300 -3
650 -10 442712 0
651 -4 443208 16
652 14 443700 23
653 9 444196 13
654 -32 444692 20
655 33 445186 29
656 8 445680 26
657 23 446172 25
658 11 446666 30
659 20 447158 -7
660 -18 447654 11
661 -20 448148 0
662 12 448638 17
663 6 449134 6
664 -12 449628 12
665 -20 450120 13
666 30 450612 -4
667 -8 451102 11
668 6 451594 -21
669 24 452086 -24
670 29 452574 -6
671 -26 453064 -8
672 6 453548 15
673 -4 454036 16
674 13 454526 17
675 -23 455016 6
676 -44 455504 13
677 -26 455990 2
678 -14 456478 4
679 -7 456964 0
680 -20 457452 2
681 4 457936 1
682 -32 458426 1
683 -18 458906 -7
684 5 459392 6
685 -17 459876 2
686 -23 460362 11
687 13 460848 0
688 -5 461328 -4
689 23 461812 8
690 -19 462298 10
691 -31 462782 5
692 -52 463266 20
693 -14 463746 -11
694 -18 464230 -10
695 24 464714 9
696 14 465198 -6
697 -2 465682 10
698 2 466160 0
699 -17 466642 17
700 -8 467120 4
701 -5 467602 6
702 6 468082 -2
703 -28 468558 -14
704 -27 469038 9
705 -13 469516 5
706 12 469994 10
707 -11 470474 -1
708 -22 470948 8
709 -21 471424 4
710 -26 471900 2
711 -1 472376 -20
712 -15 472848 4
713 4 473320 11
714 13 473796 21
715 5 474268 2
716 -8 474738 -10
717 -10 475212 13
718 -6 475680 10
719 26 476150 -2
720 0 476150 -2
0 0 0 0
0 0 0 0
0 0 0 0
0 0 0 0
