0 -29 832 24
1 24 1674 0
2 -10 2524 1
3 -2 3370 1
4 3 4206 24
5 -17 5012 26
6 8 5636 27
7 -38 6262 12
8 -18 6886 17
9 -42 7510 20
10 -6 8134 23
11 -9 8756 25
12 11 9380 23
13 0 10002 20
14 -6 10626 22
15 44 11248 24
16 14 11868 17
17 -6 12492 14
18 8 13116 23
19 -20 13738 16
20 -6 14360 22
21 9 14984 20
22 2 15606 17
23 11 16224 21
24 -13 16842 17
25 23 17464 24
26 22 18082 21
27 27 18704 20
28 -16 19330 21
29 19 19950 26
30 -26 20570 17
31 -39 21190 19
32 -12 21810 13
33 -8 22432 19
34 -11 23050 25
35 22 23670 19
36 -2 24288 18
37 -11 24904 18
38 0 25520 24
39 6 26138 10
40 -11 26758 17
41 -10 27378 20
42 22 27996 16
43 2 28610 14
44 14 29222 18
45 47 29840 20
46 21 30456 19
47 43 31068 16
48 -18 31684 19
49 -20 32298 14
50 2 32914 9
51 21 33528 14
52 -7 34142 18
53 -15 34758 19
54 0 35372 19
55 -4 35988 21
56 -19 36602 23
57 0 37216 20
58 22 37828 14
59 -25 38444 14
60 9 39060 11
61 6 39678 12
62 -17 40292 21
63 -3 40904 25
64 3 41518 19
65 9 42134 20
66 13 42748 20
67 27 43360 29
68 16 43972 20
69 0 44582 16
70 -7 45194 16
71 -3 45804 19
72 -19 46414 14
73 -16 47022 21
74 3 47630 15
75 7 48240 17
76 -16 48852 14
77 12 49458 15
78 -4 50068 7
79 6 50678 17
80 -18 51288 21
81 15 51900 14
82 -6 52512 16
83 2 53122 19
84 -13 53730 17
85 13 54338 21
86 -21 54948 16
87 -11 55554 25
88 -18 56162 20
89 -3 56770 22
90 -2 57382 16
91 -8 57988 16
92 -2 58596 22
93 -21 59202 16
94 13 59812 21
95 -18 60422 18
96 9 61030 21
97 1 61636 20
98 -1 62246 21
99 17 62858 20
100 -36 63466 16
101 6 64072 21
102 20 64678 24
103 4 65286 18
104 9 65892 21
105 16 66496 13
106 -9 67102 12
107 -9 67708 14
108 -11 68314 13
109 19 68918 22
110 2 69524 19
111 6 70130 14
112 -3 70736 15
113 -4 71342 18
114 -9 71946 14
115 -4 72552 13
116 -4 73158 15
117 -27 73762 17
118 -10 74366 16
119 -16 74964 21
120 12 75568 15
121 -33 76174 20
122 2 76780 13
123 -27 77386 21
124 6 77986 11
125 2 78586 11
126 -8 79188 12
127 -2 79788 15
128 7 80390 22
129 5 80990 16
130 16 81590 24
131 -26 82196 15
132 5 82800 20
133 -22 83402 4
134 -29 84004 16
135 -21 84606 17
136 29 85210 18
137 -2 85812 17
138 -8 86414 19
139 0 87014 7
140 14 87614 17
141 -14 88214 20
142 -3 88814 21
143 7 89414 21
144 14 90010 17
145 -24 90608 24
146 -6 91208 22
147 1 91808 21
148 -8 92408 20
149 16 93010 21
150 -2 93610 20
151 1 94210 24
152 -8 94808 23
153 -25 95406 19
154 -21 96004 20
155 7 96600 19
156 10 97200 14
157 42 97800 15
158 -26 98396 15
159 -5 98996 20
160 -15 99590 15
161 21 100192 16
162 3 100786 21
163 -10 101378 10
164 -3 101976 20
165 9 102566 23
166 -16 103162 20
167 15 103756 15
168 -9 104350 17
169 23 104948 22
170 -1 105538 16
171 6 106130 18
172 11 106726 15
173 9 107318 27
174 -5 107910 22
175 3 108498 13
176 -34 109096 17
177 15 109690 19
178 7 110284 21
179 -7 110876 -12
180 -17 111466 -16
181 1 112062 -9
182 -2 112656 -4
183 17 113250 -9
184 -22 113838 -8
185 13 114432 4
186 -2 115026 9
187 9 115614 8
188 -22 116204 10
189 -4 116792 9
190 -21 117382 5
191 24 117976 7
192 -34 118566 9
193 18 119158 11
194 -34 119746 -7
195 -7 120336 -3
196 -36 120926 -9
197 -31 121514 -6
198 -25 122102 -8
199 1 122690 -6
200 4 123284 8
201 -7 123874 14
202 -18 124464 15
203 -13 125050 -5
204 -6 125636 -1
205 -68 126224 18
206 -25 126814 16
207 3 127402 21
208 20 127986 12
209 -14 128574 18
210 -38 129162 15
211 19 129750 16
212 -14 130332 4
213 -16 130914 -4
214 -37 131498 -4
215 -10 132084 1
216 -4 132668 20
217 23 133256 13
218 14 133836 -2
219 -8 134424 3
220 -11 135010 8
221 -9 135596 17
222 -51 136184 11
223 -26 136770 29
224 -23 137352 24
225 -23 137934 23
226 -29 138518 29
227 -40 139104 30
228 -45 139684 26
229 -43 140268 28
230 -44 140850 20
231 -39 141434 21
232 -45 142020 27
233 -39 142604 31
234 -20 143182 25
235 -50 143762 26
236 -37 144344 23
237 -34 144928 31
238 -57 145510 30
239 -38 146092 29
240 -26 146678 27
241 -30 147258 29
242 -54 147842 26
243 -46 148424 28
244 -18 149002 32
245 -40 149582 31
246 -6 150160 30
247 -29 150740 27
248 -35 151324 21
249 -22 151900 14
250 -26 152482 29
251 -33 153058 29
252 -51 153638 14
253 -25 154222 25
254 -32 154800 30
255 -25 155378 33
256 -34 155956 37
257 -39 156536 27
258 -31 157116 27
259 -15 157696 23
260 -29 158274 27
261 -43 158850 28
262 -38 159430 28
263 -19 160012 30
264 -39 160590 26
265 -36 161166 31
266 -53 161744 28
267 -42 162324 20
268 -47 162904 34
269 -28 163484 24
270 -33 164058 26
271 -9 164636 28
272 -30 165214 23
273 -8 165794 26
274 -25 166370 32
275 -33 166942 32
276 -19 167522 26
277 -32 168096 26
278 -20 168674 28
279 -12 169248 32
280 -21 169820 24
281 -30 170398 23
282 -25 170974 29
283 -18 171552 29
284 -35 172132 23
285 -48 172708 30
286 -39 173284 25
287 -16 173858 30
288 -18 174434 18
289 -41 175008 22
290 -23 175580 26
291 -35 176152 35
292 -33 176726 26
293 -15 177300 28
294 -24 177868 26
295 -52 178442 27
296 -27 179016 26
297 -24 179588 28
298 -44 180160 24
299 -46 180734 25
300 -24 181306 30
301 -30 181876 33
302 -36 182450 27
303 -54 183022 20
304 -51 183590 27
305 -26 184160 30
306 -46 184730 21
307 -41 185302 31
308 -30 185878 24
309 -39 186448 26
310 -28 187020 24
311 -42 187590 24
312 -18 188162 26
313 -31 188734 24
314 -31 189308 27
315 -59 189878 31
316 -46 190446 25
317 -47 191014 29
318 -56 191586 28
319 -43 192156 27
320 -37 192722 29
321 -41 193292 17
322 -34 193862 33
323 -36 194432 20
324 -27 195000 31
325 -31 195566 30
326 -29 196134 18
327 -37 196702 35
328 -21 197270 30
329 -37 197840 26
330 -11 198406 28
331 -30 198972 27
332 -43 199540 23
333 -28 200104 40
334 -10 200674 21
335 -40 201242 22
336 -31 201808 26
337 -33 202376 18
338 -32 202942 22
339 -53 203512 31
340 -51 204078 28
341 -36 204646 25
342 -31 205210 23
343 -47 205778 26
344 -55 206344 22
345 -23 206908 24
346 -28 207472 22
347 -37 208038 28
348 -58 208606 30
349 -30 209174 23
350 -45 209738 22
351 -49 210300 26
352 -50 210864 23
353 -40 211430 27
354 -35 211996 28
355 -44 212562 28
356 -47 213122 26
357 -50 213682 28
358 -46 214246 22
359 -48 214808 0
360 -51 215370 24
361 -49 215932 28
362 -57 216494 22
363 -44 217056 26
364 -38 217620 29
365 -26 218182 27
366 -27 218740 29
367 -39 219300 34
368 -36 219862 35
369 -38 220422 29
370 -32 220984 31
371 -25 221548 26
372 -33 222108 29
373 -17 222674 28
374 -21 223236 32
375 -35 223796 30
376 -33 224358 27
377 -45 224922 28
378 -39 225486 38
379 -21 226050 29
380 -40 226614 38
381 -18 227176 23
382 -6 227736 20
383 -32 228298 29
384 -35 228860 19
385 -47 229422 30
386 -50 229982 32
387 -50 230542 32
388 -28 231104 31
389 -24 231664 30
390 -51 232224 23
391 -7 232784 20
392 21 233346 16
393 2 233904 15
394 16 234460 21
395 5 235016 17
396 17 235572 14
397 18 236126 16
398 -22 236684 19
399 10 237240 17
400 23 237790 17
401 5 238342 21
402 -8 238894 18
403 -16 239446 23
404 -11 240002 16
405 19 240558 23
406 25 241108 19
407 17 241660 18
408 0 242208 11
409 -4 242760 19
410 6 243310 10
411 -14 243854 21
412 23 244402 15
413 2 244948 21
414 20 245496 19
415 8 246044 20
416 -5 246584 22
417 -18 247130 19
418 17 247676 19
419 -10 248220 17
420 -21 248768 17
421 -14 249312 9
422 -1 249852 19
423 7 250392 14
424 -1 250934 7
425 -8 251476 15
426 -14 252020 22
427 -18 252558 22
428 -17 253092 13
429 -13 253630 15
430 9 254172 13
431 -11 254704 19
432 -24 255238 19
433 -3 255770 17
434 15 256304 24
435 -28 256836 13
436 15 257366 11
437 -3 257892 12
438 -19 258420 7
439 -26 258948 22
440 -11 259478 15
441 0 260010 18
442 26 260532 12
443 27 261058 17
444 13 261578 20
445 15 262106 15
446 6 262630 9
447 21 263150 19
448 4 263670 11
449 14 264184 16
450 -18 264702 21
451 -4 265222 24
452 14 265736 19
453 -16 266250 14
454 -11 266760 13
455 13 267274 18
456 -33 267788 21
457 -7 268302 19
458 24 268818 16
459 10 269332 17
460 5 269846 14
461 4 270356 13
462 7 270866 16
463 7 271372 17
464 -13 271878 17
465 -8 272386 22
466 -11 272894 19
467 8 273396 13
468 -9 273898 19
469 -5 274402 16
470 -7 274906 13
471 13 275412 26
472 -4 275916 17
473 3 276418 16
474 -5 276922 13
475 12 277424 12
476 18 277930 18
477 -11 278432 18
478 9 278932 13
479 -17 279430 18
480 -7 279930 14
481 -21 280432 15
482 -16 280934 5
483 4 281430 16
484 8 281928 18
485 -33 282430 12
486 -20 282930 21
487 5 283428 5
488 -4 283926 10
489 -28 284426 15
490 -9 284926 14
491 -2 285422 21
492 -19 285922 -11
493 10 286416 -5
494 29 286912 -3
495 2 287410 1
496 33 287908 -3
497 -10 288406 -2
498 31 288902 -2
499 -17 289398 -6
500 28 289896 -7
501 13 290394 15
502 -17 290894 17
503 10 291390 12
504 22 291888 7
505 -4 292380 6
506 -3 292874 10
507 -29 293370 12
508 -33 293862 12
509 0 294356 10
510 0 294850 6
511 -10 295348 9
512 -24 295842 11
513 -7 296334 7
514 -26 296828 8
515 -16 297324 7
516 -23 297816 3
517 -48 298310 0
518 -30 298804 -7
519 -31 299294 -7
520 -19 299784 -6
521 -28 300278 7
522 -25 300768 11
523 -27 301258 5
524 -9 301746 6
525 21 302238 -15
526 -16 302730 -14
527 -27 303224 -4
528 -33 303718 -8
529 -29 304208 9
530 -20 304696 1
531 -25 305186 15
532 -40 305676 8
533 10 306168 1
534 4 306658 4
535 -16 307146 19
536 -29 307638 -16
537 -38 308126 -16
538 -21 308616 21
539 -10 309104 20
540 -4 309594 23
541 -25 310082 0
542 -8 310570 -11
543 15 311058 21
544 10 311546 23
545 2 312032 22
546 19 312520 18
547 -2 313010 22
548 11 313494 9
549 -4 313982 11
550 0 314470 6
551 -15 314958 1
552 -36 315446 13
553 -33 315930 -2
554 -3 316416 16
555 22 316902 18
556 5 317386 16
557 -34 317874 -9
558 6 318358 -4
559 42 318842 10
560 -21 319328 -1
561 25 319814 15
562 33 320300 8
563 32 320788 -16
564 -19 321274 -4
565 19 321758 -3
566 -23 322246 -2
567 -12 322732 -15
568 -14 323220 0
569 -40 323704 6
570 -31 324186 1
571 6 324672 -3
572 -4 325158 3
573 -3 325644 -7
574 -17 326130 18
575 -30 326614 4
576 -13 327098 7
577 0 327582 3
578 -20 328066 17
579 -6 328550 10
580 -9 329034 -9
581 -40 329514 -4
582 -38 329998 0
583 14 330480 1
584 0 330964 4
585 13 331444 15
586 5 331924 -10
587 27 332404 -13
588 6 332886 5
589 1 333366 -4
590 -19 333842 4
591 17 334322 7
592 -12 334802 -7
593 33 335280 2
594 -19 335762 8
595 5 336242 4
596 -4 336720 21
597 -1 337198 -7
598 -1 337680 -1
599 3 338158 18
600 -10 338636 14
601 -9 339114 11
602 -13 339594 13
603 -18 340068 14
604 -17 340546 2
605 -11 341020 17
606 10 341496 5
607 46 341974 24
608 -6 342450 19
609 -14 342922 23
610 -17 343394 19
611 -4 343868 20
612 5 344348 24
613 2 344826 17
614 6 345302 28
615 -4 345764 23
616 26 346238 22
617 5 346714 23
618 10 347190 22
619 13 347662 18
620 -16 348136 25
621 -10 348608 19
622 -3 349082 18
623 17 349556 18
624 2 350028 20
625 22 350502 24
626 13 350976 19
627 20 351450 20
628 -3 351920 22
629 7 352392 23
630 19 352864 18
631 12 353334 24
632 -10 353806 18
633 -2 354276 21
634 14 354746 18
635 -6 355216 23
636 20 355686 29
637 12 356156 23
638 11 356624 20
639 8 357096 20
640 -24 357566 23
641 5 358034 20
642 5 358502 19
643 38 358968 21
644 5 359434 20
645 -9 359900 18
646 -1 360364 21
647 -3 360830 21
648 4 361296 21
649 -23 361762 20
650 30 362226 22
651 -2 362690 15
652 2 363154 22
653 25 363622 24
654 7 364090 17
655 -3 364554 27
656 7 365016 21
657 -15 365482 20
658 -4 365948 15
659 7 366414 25
660 15 366876 25
661 2 367340 23
662 30 367804 19
663 26 368266 25
664 -30 368730 19
665 -3 369190 20
666 9 369654 24
667 16 370116 18
668 -10 370578 21
669 19 371040 21
670 34 371504 19
671 -11 371962 21
672 -16 372418 24
673 -10 372878 17
674 3 373338 19
675 10 373792 23
676 -24 374246 27
677 7 374704 23
678 -9 375158 23
679 7 375620 21
680 20 376074 19
681 20 376530 22
682 7 376986 18
683 19 377442 24
684 11 377902 19
685 -13 378352 14
686 11 378808 16
687 13 379262 23
688 -24 379718 24
689 -35 380170 18
690 10 380620 23
691 -13 381070 22
692 5 381522 16
693 -14 381972 25
694 -9 382424 20
695 23 382874 22
696 2 383322 20
697 7 383772 21
698 24 384218 22
699 6 384670 17
700 22 385120 23
701 -5 385564 19
702 -5 386002 18
703 -2 386444 17
704 16 386894 24
705 0 387342 22
706 -6 387784 21
707 -23 388226 20
708 -3 388670 18
709 3 389120 12
710 -5 389564 21
711 18 390004 17
712 -5 390448 20
713 -17 390888 18
714 0 391328 17
715 15 391772 20
716 -3 392212 21
717 11 392652 21
718 -10 393090 19
719 -4 393528 22
720 0 393528 22
0 0 0 0
0 0 0 0
0 0 0 0
0 0 0 0
