0 12 602 21
1 9 1222 24
2 -7 1844 18
3 -4 2466 22
4 2 3090 16
5 -4 3710 18
6 -12 4336 20
7 10 4958 13
8 -11 5578 17
9 6 6196 23
10 9 6814 34
11 -10 7434 21
12 4 8052 26
13 -2 8670 15
14 2 9286 17
15 -21 9906 18
16 0 10524 21
17 14 11144 15
18 -1 11760 20
19 -20 12374 17
20 4 12990 14
21 26 13610 20
22 0 14230 22
23 -12 14850 8
24 -13 15464 20
25 -3 16080 16
26 14 16698 21
27 -17 17316 13
28 -9 17936 26
29 -14 18556 8
30 -6 19172 20
31 -26 19788 17
32 12 20406 20
33 23 21024 21
34 -21 21640 16
35 4 22252 20
36 -28 22870 23
37 6 23488 17
38 0 24104 24
39 13 24718 20
40 -13 25334 17
41 -11 25952 23
42 -2 26568 13
43 8 27184 19
44 13 27800 12
45 -30 28414 25
46 -6 29026 17
47 -3 29640 18
48 3 30256 16
49 13 30870 16
50 22 31484 26
51 10 32094 19
52 12 32706 17
53 -28 33318 18
54 7 33936 15
55 2 34548 16
56 -44 35160 25
57 5 35776 18
58 -1 36390 28
59 7 37002 17
60 -13 37618 17
61 3 38230 20
62 -14 38844 14
63 -13 39458 15
64 4 40070 13
65 -11 40680 17
66 -1 41290 23
67 -17 41906 29
68 5 42518 22
69 -23 43132 16
70 -16 43742 16
71 -2 44354 15
72 12 44968 19
73 5 45582 15
74 -2 46192 21
75 -25 46804 14
76 12 47414 10
77 2 48022 16
78 -10 48632 17
79 -25 49238 16
80 -7 49846 14
81 -9 50452 17
82 -4 51062 16
83 7 51674 17
84 36 52282 10
85 -16 52890 19
86 -18 53496 22
87 13 54106 15
88 -28 54718 16
89 19 55328 23
90 -10 55936 15
91 5 56542 20
92 23 57152 21
93 -7 57762 8
94 32 58372 20
95 -8 58980 16
96 9 59586 11
97 -12 60194 21
98 4 60800 15
99 -22 61408 12
100 -12 62016 19
101 -31 62622 13
102 -4 63228 23
103 1 63836 19
104 -3 64444 17
105 15 65048 17
106 6 65652 16
107 32 66258 20
108 -4 66866 18
109 -10 67474 23
110 10 68078 19
111 3 68682 16
112 18 69288 17
113 -2 69898 12
114 -13 70506 18
115 -14 71108 7
116 -11 71714 16
117 -22 72318 17
118 -25 72924 20
119 -7 73530 21
120 -5 74132 21
121 -4 74738 14
122 -7 75340 14
123 1 75946 15
124 1 76550 19
125 8 77154 16
126 -11 77758 20
127 -6 78360 15
128 1 78962 20
129 -41 79562 13
130 34 80164 20
131 8 80766 19
132 -2 81368 20
133 -28 81972 18
134 -27 82576 21
135 -23 83178 21
136 1 83780 22
137 -6 84380 16
138 -20 84976 16
139 0 85580 7
140 -2 86182 16
141 12 86784 15
142 -29 87386 10
143 -17 87990 18
144 -4 88590 19
145 -28 89190 21
146 9 89792 18
147 -2 90392 15
148 -4 90990 18
149 -12 91590 19
150 -23 92186 19
151 -1 92786 15
152 -13 93386 18
153 -27 93986 16
154 22 94584 20
155 -15 95180 17
156 -17 95780 10
157 -17 96378 22
158 0 96976 19
159 4 97576 16
160 -19 98174 17
161 9 98774 18
162 30 99374 20
163 4 99972 7
164 26 100566 19
165 -21 101160 22
166 -11 101756 18
167 -9 102354 16
168 24 102952 12
169 4 103548 17
170 13 104140 16
171 39 104734 16
172 15 105334 16
173 0 105930 12
174 -8 106528 17
175 -18 107120 4
176 29 107714 12
177 3 108308 19
178 -6 108908 20
179 -4 109504 10
180 15 110100 16
181 2 110690 12
182 -4 111286 20
183 -23 111882 15
184 -7 112478 23
185 -1 113068 17
186 -2 113658 15
187 1 114252 28
188 -14 114846 18
189 4 115440 17
190 11 116030 17
191 19 116618 15
192 28 117210 24
193 -1 117804 14
194 13 118400 11
195 6 118990 19
196 -1 119576 15
197 -25 120164 18
198 -18 120754 17
199 0 121346 18
200 -37 121934 9
201 -15 122518 19
202 -8 123102 5
203 -23 123694 17
204 -17 124284 20
205 19 124872 5
206 -35 125460 21
207 11 126046 10
208 17 126632 15
209 -21 127218 9
210 25 127812 14
211 13 128392 14
212 -21 128974 19
213 -7 129562 31
214 -15 130150 14
215 12 130740 24
216 9 131320 11
217 -4 131902 25
218 -7 132488 17
219 -23 133072 15
220 13 133664 19
221 -6 134246 17
222 5 134826 17
223 -20 135412 19
224 -9 135998 19
225 16 136584 19
226 -4 137168 11
227 -14 137746 13
228 15 138332 11
229 -7 138918 18
230 -3 139506 14
231 5 140088 19
232 18 140668 13
233 0 141250 19
234 -7 141832 13
235 -22 142414 19
236 12 142994 19
237 4 143570 16
238 8 144150 10
239 39 144734 18
240 -6 145318 19
241 -4 145902 18
242 5 146478 13
243 -6 147056 20
244 -7 147640 24
245 -16 148224 8
246 -7 148806 13
247 5 149382 21
248 22 149956 15
249 8 150536 20
250 16 151120 17
251 -10 151700 15
252 -10 152276 20
253 -20 152854 24
254 -26 153438 14
255 -38 154020 18
256 -20 154600 12
257 -14 155174 20
258 0 155748 14
259 12 156328 13
260 -13 156910 22
261 -14 157490 18
262 16 158060 14
263 -2 158634 10
264 -14 159212 10
265 4 159790 19
266 -15 160370 13
267 -22 160946 12
268 -1 161518 12
269 18 162096 13
270 -9 162674 13
271 15 163254 16
272 0 163830 21
273 -36 164402 16
274 -16 164980 19
275 -1 165556 19
276 -15 166136 10
277 -11 166712 18
278 -12 167284 10
279 4 167858 8
280 6 168436 18
281 -4 169016 22
282 -21 169596 18
283 -12 170174 13
284 -13 170750 14
285 2 171326 12
286 -13 171906 13
287 -12 172482 11
288 -12 173054 16
289 -21 173628 7
290 -2 174202 15
291 0 174780 16
292 34 175356 16
293 -25 175930 21
294 -10 176504 10
295 2 177078 14
296 -11 177652 6
297 -2 178226 18
298 -7 178794 11
299 3 179362 15
300 -26 179936 7
301 1 180510 20
302 -34 181082 14
303 3 181650 12
304 -15 182222 21
305 -17 182794 21
306 -1 183368 19
307 4 183940 17
308 7 184510 23
309 -14 185078 22
310 -5 185646 21
311 13 186218 18
312 15 186792 17
313 12 187364 19
314 8 187936 18
315 15 188508 20
316 -25 189080 17
317 5 189650 16
318 1 190224 18
319 -16 190792 14
320 -17 191360 19
321 -7 191934 23
322 18 192506 20
323 8 193078 17
324 -2 193648 15
325 3 194216 16
326 -3 194786 23
327 -17 195358 19
328 8 195924 15
329 -29 196492 17
330 21 197058 20
331 5 197628 18
332 4 198198 15
333 1 198768 16
334 19 199336 8
335 -16 199904 15
336 13 200474 10
337 -23 201042 13
338 -23 201610 23
339 0 202178 14
340 18 202742 6
341 -21 203312 25
342 15 203880 4
343 -24 204444 26
344 4 205012 12
345 1 205576 15
346 7 206144 16
347 8 206710 14
348 -4 207278 16
349 -4 207846 9
350 10 208412 16
351 -8 208980 12
352 5 209544 18
353 -2 210112 19
354 10 210676 9
355 -15 211236 19
356 -13 211800 14
357 -12 212368 12
358 -8 212934 11
359 -1 213502 17
360 -9 214070 19
361 -28 214636 25
362 -4 215202 22
363 -1 215770 5
364 -18 216336 14
365 56 216900 11
366 -23 217468 15
367 -22 218036 19
368 -9 218600 28
369 -30 219166 14
370 13 219732 19
371 -7 220294 19
372 -6 220858 22
373 18 221422 16
374 -21 221984 21
375 -18 222550 11
376 12 223112 11
377 1 223676 13
378 -5 224240 19
379 -21 224802 19
380 12 225364 15
381 1 225928 22
382 40 226486 21
383 11 227044 23
384 -8 227600 17
385 -27 228158 20
386 1 228718 15
387 16 229278 23
388 -13 229834 16
389 8 230394 15
390 -8 230952 6
391 -8 231510 13
392 22 232068 17
393 -28 232624 10
394 15 233180 10
395 -27 233736 28
396 -8 234292 12
397 -4 234850 16
398 -14 235400 22
399 -31 235952 12
400 -16 236506 8
401 -22 237062 10
402 -7 237618 11
403 11 238172 8
404 -7 238722 7
405 2 239276 16
406 17 239830 13
407 10 240382 12
408 -15 240934 18
409 -16 241482 20
410 3 242038 14
411 0 242592 20
412 -6 243146 15
413 -12 243696 17
414 13 244246 18
415 28 244796 7
416 15 245346 12
417 -17 245900 21
418 9 246444 18
419 2 246990 21
420 24 247536 23
421 3 248084 23
422 32 248632 25
423 0 249178 14
424 -5 249718 23
425 31 250264 18
426 27 250806 17
427 23 251356 8
428 20 251904 23
429 -12 252452 11
430 -1 252994 21
431 -5 253536 11
432 -6 254076 21
433 -10 254594 18
434 -32 255120 11
435 2 255660 13
436 0 256194 17
437 -11 256730 19
438 18 257268 22
439 -35 257804 12
440 19 258338 12
441 -8 258870 11
442 -18 259402 23
443 -1 259936 18
444 -3 260462 15
445 -12 260988 20
446 5 261516 20
447 1 262042 19
448 -11 262570 22
449 -4 263098 14
450 -14 263620 18
451 4 264142 24
452 -6 264666 14
453 -4 265192 21
454 29 265718 10
455 3 266242 17
456 -8 266762 12
457 -21 267280 19
458 -13 267802 18
459 -3 268324 20
460 -4 268840 12
461 25 269356 24
462 -10 269870 21
463 -32 270388 22
464 4 270906 21
465 -32 271420 17
466 -23 271932 21
467 4 272442 19
468 6 272954 22
469 26 273468 12
470 16 273982 19
471 4 274496 15
472 -18 275010 16
473 -21 275520 21
474 -22 276030 12
475 -13 276542 18
476 0 277052 19
477 3 277560 19
478 15 278066 14
479 -29 278572 17
480 -21 279076 21
481 -10 279578 12
482 20 280084 14
483 -5 280588 15
484 -17 281092 12
485 -10 281592 18
486 8 282094 19
487 -24 282596 12
488 15 283096 26
489 5 283598 19
490 -7 284096 21
491 -23 284596 17
492 -7 285094 23
493 8 285594 12
494 -40 286096 14
495 -5 286598 16
496 -7 287096 18
497 -17 287592 17
498 -17 288092 22
499 -31 288592 15
500 -13 289092 15
501 -22 289588 19
502 -19 290084 13
503 -24 290582 19
504 13 291080 19
505 3 291578 8
506 -20 292070 20
507 -13 292564 18
508 17 293060 17
509 14 293556 17
510 -9 294054 18
511 -19 294542 12
512 15 295034 19
513 -17 295530 21
514 -12 296024 14
515 -1 296520 19
516 -17 297014 20
517 1 297508 13
518 30 298004 23
519 1 298498 18
520 26 298990 16
521 -19 299482 13
522 9 299974 14
523 -16 300468 11
524 -7 300960 23
525 -7 301456 20
526 14 301954 19
527 10 302444 17
528 2 302940 15
529 -15 303430 20
530 -12 303922 15
531 16 304410 26
532 -10 304900 12
533 3 305388 11
534 -10 305880 12
535 8 306368 19
536 -15 306858 20
537 -17 307348 13
538 -11 307836 18
539 1 308324 18
540 2 308810 21
541 11 309302 20
542 -1 309786 21
543 -14 310272 22
544 -14 310762 16
545 2 311252 21
546 -9 311742 19
547 5 312230 17
548 -3 312718 18
549 6 313210 6
550 -6 313698 21
551 3 314184 17
552 22 314668 10
553 -34 315154 11
554 -14 315642 18
555 -17 316128 19
556 -12 316614 20
557 5 317096 23
558 17 317584 18
559 -5 318072 13
560 0 318558 18
561 -18 319048 19
562 -7 319536 25
563 -17 320022 16
564 -16 320508 23
565 -29 320992 17
566 -17 321476 18
567 -16 321960 22
568 2 322444 17
569 -20 322928 10
570 -13 323412 21
571 -9 323900 18
572 -6 324386 19
573 -2 324872 22
574 -19 325358 12
575 -19 325844 12
576 -14 326328 12
577 -25 326808 18
578 -15 327290 7
579 1 327770 19
580 27 328254 18
581 2 328734 19
582 20 329216 14
583 -22 329700 17
584 -10 330182 11
585 -26 330662 13
586 11 331142 8
587 14 331622 10
588 27 332098 24
589 -17 332580 18
590 -9 333060 18
591 -7 333542 25
592 -20 334026 12
593 21 334508 18
594 4 334988 20
595 -7 335468 21
596 -7 335948 18
597 47 336424 16
598 17 336900 22
599 -26 337380 24
600 7 337858 13
601 -27 338338 17
602 -12 338816 21
603 12 339298 13
604 4 339776 21
605 5 340254 20
606 11 340730 6
607 -30 341212 23
608 -5 341692 22
609 -23 342168 19
610 -2 342644 18
611 -22 343120 16
612 -12 343598 12
613 -7 344074 14
614 -3 344548 21
615 -10 345024 12
616 11 345502 16
617 -8 345980 18
618 -18 346454 17
619 -25 346924 18
620 -5 347400 21
621 -14 347868 16
622 15 348346 13
623 -26 348820 38
624 6 349292 12
625 -18 349764 14
626 4 350240 15
627 -9 350712 13
628 -14 351184 21
629 -22 351656 22
630 -13 352128 17
631 -36 352598 21
632 12 353068 15
633 6 353540 19
634 23 354012 19
635 -7 354480 16
636 -12 354948 19
637 -14 355416 19
638 -6 355878 18
639 1 356348 18
640 -15 356816 17
641 -37 357282 22
642 12 357748 8
643 -6 358220 20
644 17 358690 7
645 9 359158 18
646 -7 359622 11
647 18 360090 11
648 1 360558 17
649 -7 361026 12
650 3 361496 20
651 -1 361962 24
652 14 362426 15
653 -2 362894 25
654 -9 363362 14
655 0 363826 12
656 -1 364288 14
657 -4 364748 21
658 -5 365216 20
659 -21 365680 11
660 12 366144 15
661 -17 366608 21
662 -24 367072 11
663 -26 367538 19
664 17 368002 15
665 -6 368464 25
666 -27 368928 18
667 19 369390 23
668 -4 369852 20
669 -29 370312 20
670 -13 370772 19
671 -36 371236 21
672 -1 371694 16
673 -11 372156 12
674 -21 372620 10
675 12 373086 18
676 -22 373546 23
677 9 374004 14
678 -26 374464 24
679 3 374922 6
680 0 375380 1
681 -15 375838 2
682 -25 376294 3
683 12 376750 1
684 -4 377210 -5
685 -4 377670 1
686 -4 378122 -1
687 -16 378584 2
688 0 379044 -1
689 -29 379502 -7
690 -13 379956 -7
691 -18 380414 0
692 -32 380870 0
693 -40 381322 0
694 -8 381780 10
695 -1 382236 9
696 -10 382688 9
697 -24 383142 0
698 18 383596 -9
699 21 384056 -13
700 11 384510 -2
701 7 384968 -5
702 28 385426 4
703 4 385874 5
704 -8 386326 8
705 12 386776 7
706 15 387228 11
707 -14 387678 8
708 22 388126 6
709 15 388576 5
710 5 389032 17
711 10 389480 3
712 8 389934 21
713 5 390382 14
714 5 390836 12
715 -1 391290 17
716 -6 391738 9
717 -4 392186 -6
718 24 392636 -1
719 5 393086 -10
720 0 393086 -10
0 0 0 0
0 0 0 0
0 0 0 0
0 0 0 0
