0 -24 804 6
1 -2 1650 4
2 -17 2494 6
3 -46 3338 10
4 -29 4186 11
5 -32 5034 6
6 -9 5884 11
7 -32 6724 5
8 -36 7560 5
9 -32 8398 9
10 -19 9240 5
11 -18 10084 -4
12 -19 10922 9
13 -18 11762 11
14 -3 12600 9
15 -25 13440 3
16 -19 14280 -13
17 -18 15116 -2
18 -67 15952 5
19 -29 16790 -2
20 -19 17630 6
21 -21 18468 -2
22 -25 19306 24
23 -41 20138 10
24 -6 20976 -9
25 -14 21814 27
26 -11 22650 8
27 -31 23484 -1
28 -24 24320 20
29 -33 25154 24
30 -21 25988 10
31 -20 26826 14
32 4 27662 -9
33 -43 28498 10
34 -37 29334 -10
35 -34 30166 -7
36 -35 30996 6
37 1 31830 6
38 -27 32666 17
39 -24 33498 1
40 -32 34326 4
41 -14 35156 2
42 2 35986 2
43 -33 36814 10
44 -25 37646 -8
45 -39 38478 -6
46 -26 39310 -9
47 -23 40134 17
48 -35 40966 13
49 -4 41794 -21
50 -10 42630 16
51 -20 43458 2
52 -24 44284 -14
53 -46 45108 -6
54 -31 45936 18
55 9 46760 15
56 -23 47590 19
57 -36 48414 16
58 -28 49240 19
59 -25 50058 -4
60 -49 50876 1
61 -30 51698 1
62 7 52522 12
63 -8 53342 1
64 -18 54162 15
65 -20 54984 -12
66 -16 55802 1
67 -24 56620 -7
68 -29 57440 21
69 -36 58264 5
70 -7 59082 -5
71 -28 59900 11
72 25 60720 -6
73 -30 61534 0
74 -6 62354 20
75 -42 63174 3
76 -19 63992 1
77 -10 64808 -13
78 -41 65622 13
79 -7 66440 12
80 -10 67262 2
81 -3 68078 12
82 -15 68892 -1
83 -9 69710 -7
84 -13 70524 5
85 -11 71338 0
86 -7 72152 22
87 -35 72966 2
88 -23 73784 -34
89 -27 74596 22
90 -10 75408 -18
91 -30 76220 14
92 -7 77032 18
93 -20 77842 4
94 -17 78654 -5
95 -36 79462 -16
96 -21 80274 9
97 -46 81086 18
98 -21 81898 5
99 -30 82708 11
100 -25 83516 6
101 -9 84324 5
102 -13 85136 -22
103 -4 85946 -19
104 -38 86760 -14
105 -37 87564 -1
106 11 88374 8
107 -66 89184 10
108 -31 89994 12
109 10 90804 13
110 -15 91612 19
111 -19 92418 12
112 22 93224 -2
113 -43 94032 1
114 -27 94840 2
115 -28 95640 20
116 -24 96438 -4
117 -20 97236 10
118 -45 98038 10
119 -20 98842 8
120 -15 99648 -14
121 -41 100442 -10
122 -10 101244 -20
123 19 102042 -4
124 -46 102844 2
125 -25 103644 1
126 -4 104442 -2
127 -32 105234 -14
128 -29 106030 1
129 -23 106826 11
130 -31 107622 -9
131 -3 108422 5
132 -52 109220 -7
133 -28 110018 1
134 -30 110814 -24
135 -38 111602 -3
136 -34 112386 4
137 -43 113168 -11
138 -29 113956 -13
139 -34 114748 1
140 -39 115536 22
141 -26 116324 13
142 -11 117112 0
143 -23 117874 -20
144 -15 118660 17
145 -13 119452 4
146 20 120246 -4
147 -8 121036 -5
148 -28 121822 -7
149 -40 122614 10
150 -19 123408 9
151 -18 124196 12
152 -10 124982 8
153 -28 125764 18
154 -4 126544 5
155 11 127324 -19
156 -25 128108 -22
157 -32 128890 0
158 -16 129672 15
159 -31 130448 0
160 26 131226 3
161 -41 132002 -4
162 -18 132776 0
163 -47 133550 -5
164 -39 134324 2
165 -28 135094 14
166 -25 135870 1
167 -28 136646 4
168 -5 137418 17
169 -7 138188 1
170 -36 138958 -3
171 -21 139736 5
172 -21 140510 -6
173 -27 141282 -7
174 -25 142054 -21
175 -27 142826 11
176 -17 143594 16
177 -4 144364 0
178 -11 145122 1
179 -25 145886 7
180 -37 146652 3
181 -25 147410 -3
182 -26 148168 6
183 -45 148928 1
184 -19 149686 2
185 -6 150440 4
186 -28 151202 -2
187 -16 151968 21
188 -42 152738 -4
189 -16 153510 3
190 -11 154282 8
191 -30 155058 7
192 -25 155826 6
193 -2 156598 18
194 -33 157366 -22
195 -42 158134 0
196 -5 158904 -7
197 -31 159670 11
198 -31 160430 -1
199 -51 161196 16
200 -21 161962 2
201 -31 162728 -1
202 -33 163490 14
203 -38 164256 -1
204 -26 165020 -9
205 -17 165784 -1
206 -31 166546 12
207 -19 167314 -10
208 -12 168076 0
209 -30 168838 13
210 -7 169602 -10
211 -21 170362 -11
212 -40 171122 -14
213 1 171884 -6
214 -30 172644 6
215 -34 173406 -29
216 -11 174164 20
217 -45 174920 8
218 -7 175678 12
219 -35 176436 10
220 -26 177194 12
221 -30 177950 16
222 -13 178706 19
223 -8 179464 18
224 -22 180224 14
225 -21 180980 8
226 -10 181738 9
227 -31 182494 4
228 -40 183248 3
229 -20 184004 -24
230 4 184758 -21
231 -38 185512 0
232 -24 186262 -19
233 -15 187010 8
234 -32 187758 6
235 -35 188508 17
236 -38 189260 0
237 -14 190010 18
238 -4 190762 -31
239 -28 191514 -9
240 -37 192264 10
241 -18 193014 7
242 -20 193760 -4
243 -30 194508 21
244 -14 195254 14
245 -14 195998 20
246 -25 196746 18
247 -23 197490 14
248 -41 198236 14
249 -28 198984 24
250 -22 199726 18
251 -13 200468 2
252 -30 201214 -10
253 -16 201960 9
254 -30 202704 -5
255 -14 203448 -15
256 -12 204192 -6
257 -27 204938 15
258 -28 205676 10
259 -15 206418 -13
260 -28 207160 12
261 -2 207902 -2
262 -22 208644 3
263 -30 209378 17
264 -17 210120 12
265 -16 210856 -6
266 6 211598 8
267 6 212338 3
268 -16 213076 -6
269 -6 213812 21
270 -29 214550 -7
271 -7 215292 19
272 -9 216028 -4
273 -14 216764 -14
274 -8 217494 -11
275 -24 218230 5
276 -20 218964 -17
277 -22 219702 0
278 -21 220436 0
279 23 221168 -7
280 -13 221900 7
281 -19 222634 21
282 -21 223364 14
283 -9 224096 -4
284 -11 224830 -3
285 -15 225560 15
286 -48 226290 -8
287 -5 227018 -12
288 -27 227748 26
289 -15 228476 5
290 -38 229202 -7
291 -66 229932 -6
292 -20 230658 -5
293 -36 231388 -2
294 -12 232114 7
295 -36 232836 -2
296 -2 233562 15
297 -22 234284 -2
298 -34 235004 -2
299 -36 235722 2
300 -24 236438 0
301 -19 237156 -2
302 -31 237870 9
303 12 238586 -13
304 -17 239296 10
305 -8 240008 0
306 -30 240718 -11
307 -26 241426 -16
308 -31 242134 0
309 -27 242838 -4
310 -24 243542 -9
311 -27 244246 3
312 -24 244952 1
313 -30 245650 0
314 -10 246350 -1
315 6 247044 9
316 -46 247740 -15
317 -30 248440 8
318 15 249138 6
319 -14 249828 14
320 1 250520 21
321 5 251210 21
322 -6 251898 -18
323 -14 252586 2
324 16 253274 -7
325 -20 253948 -4
326 6 254628 23
327 -25 255304 22
328 -9 255976 -5
329 -18 256648 5
330 -36 257328 15
331 -48 257998 -1
332 -40 258666 8
333 -20 259330 -2
334 -31 259990 -7
335 -27 260654 18
336 -40 261318 10
337 -42 261982 2
338 -24 262642 15
339 16 263296 12
340 -15 263956 17
341 -43 264616 0
342 -25 265272 7
343 -35 265928 -7
344 -27 266578 10
345 -26 267236 5
346 -8 267886 12
347 -32 268532 1
348 -21 269176 16
349 -1 269826 18
350 -22 270474 17
351 -42 271116 12
352 -27 271762 15
353 -4 272402 -10
354 -30 273044 12
355 -26 273684 -14
356 -25 274324 5
357 -12 274964 7
358 -11 275604 -14
359 -39 276240 -11
360 -24 276878 11
361 -51 277514 1
362 -11 278146 0
363 -42 278784 6
364 -15 279416 13
365 -46 280048 -2
366 -44 280680 2
367 -30 281308 13
368 -44 281942 4
369 -2 282574 19
370 -1 283202 3
371 0 283828 12
372 -44 284456 14
373 -28 285084 21
374 -16 285710 -2
375 -28 286342 10
376 -39 286968 5
377 -2 287596 2
378 -18 288222 23
379 -33 288846 -9
380 -19 289470 17
381 -19 290096 1
382 -14 290724 3
383 -21 291348 -27
384 -13 291974 17
385 -14 292600 0
386 -39 293226 11
387 -21 293848 3
388 -15 294476 -1
389 -40 295100 0
390 -8 295724 -6
391 11 296344 13
392 -33 296964 -7
393 -37 297586 -4
394 -4 298208 18
395 8 298830 4
396 -20 299454 -6
397 -13 300074 -16
398 -38 300694 -2
399 -2 301316 -2
400 -21 301938 -2
401 -21 302562 17
402 1 303182 -5
403 -52 303804 -25
404 -25 304420 21
405 10 305040 10
406 -40 305658 -2
407 -42 306276 -4
408 -23 306898 16
409 -22 307518 12
410 17 308134 7
411 -37 308748 5
412 -6 309364 5
413 -24 309980 -9
414 -40 310596 2
415 -35 311212 -17
416 -20 311830 6
417 -22 312446 18
418 -1 313062 3
419 -9 313674 11
420 -23 314284 0
421 -7 314898 1
422 -34 315508 21
423 -31 316120 -16
424 -43 316732 8
425 -28 317346 -8
426 -41 317958 1
427 -6 318568 -5
428 -47 319176 2
429 -24 319786 1
430 -38 320396 -2
431 -26 321008 0
432 -4 321618 -7
433 -14 322228 -17
434 -16 322834 10
435 4 323442 6
436 -13 324048 19
437 -10 324658 28
438 -4 325266 8
439 -14 325874 4
440 -22 326478 6
441 -28 327084 -24
442 -34 327688 16
443 -11 328290 -5
444 -14 328894 18
445 1 329500 9
446 -11 330106 8
447 4 330712 14
448 -18 331312 5
449 -34 331912 0
450 -31 332514 8
451 -29 333116 10
452 -14 333720 -4
453 -19 334322 14
454 -33 334922 -22
455 -37 335522 12
456 -24 336122 12
457 -13 336722 1
458 -38 337316 1
459 -21 337918 0
460 -10 338522 -1
461 9 339126 1
462 -20 339726 3
463 -18 340324 -6
464 -20 340922 0
465 -42 341520 -4
466 -24 342118 1
467 -52 342716 7
468 -23 343308 0
469 -36 343902 4
470 -22 344496 11
471 -28 345094 5
472 -16 345694 -9
473 -2 346288 -10
474 -31 346886 18
475 -6 347484 -11
476 -56 348080 -3
477 -2 348672 -8
478 -15 349262 0
479 -14 349854 23
480 -46 350440 -6
481 -27 351034 1
482 -20 351622 -6
483 -35 352212 0
484 -31 352802 4
485 -14 353390 4
486 -25 353976 28
487 -29 354566 7
488 -40 355156 5
489 -9 355744 -7
490 -8 356332 -3
491 2 356914 -2
492 -4 357492 5
493 -31 358078 0
494 -42 358660 -2
495 -16 359242 -18
496 23 359824 -11
497 14 360402 -11
498 4 360986 -15
499 15 361570 12
500 -4 362152 -21
501 -7 362734 -6
502 -9 363316 -10
503 -8 363894 -6
504 -1 364476 -9
505 -30 365052 -17
506 -39 365630 23
507 -3 366142 16
508 2 366692 -8
509 -24 367270 -13
510 7 367850 7
511 -14 368426 16
512 -7 369004 -10
513 -36 369582 -8
514 -40 370160 -21
515 2 370738 -3
516 -26 371318 -17
517 -29 371896 6
518 5 372470 0
519 -2 373044 -4
520 -52 373616 -4
521 -51 374190 10
522 -1 374760 -11
523 -48 375332 4
524 -47 375896 2
525 11 376464 -14
526 -35 377036 9
527 -36 377604 22
528 -8 378162 5
529 -27 378728 1
530 -27 379292 -12
531 2 379854 11
532 -31 380420 11
533 -31 380984 -8
534 -27 381548 -11
535 0 382112 -5
536 -5 382668 -8
537 -28 383226 -2
538 -11 383788 1
539 -36 384342 6
540 -30 384898 16
541 -20 385458 7
542 -12 386008 15
543 -6 386560 16
544 -28 387118 21
545 -16 387674 1
546 -21 388226 0
547 -20 388778 -1
548 -33 389332 2
549 -20 389884 1
550 -14 390438 1
551 -31 390984 13
552 -18 391528 -7
553 -15 392078 18
554 -48 392626 7
555 -40 393170 -4
556 -37 393722 4
557 -38 394268 5
558 -3 394816 14
559 4 395358 6
560 17 395904 6
561 -10 396448 22
562 -21 396994 -6
563 -28 397534 8
564 -20 398072 13
565 -38 398616 -5
566 -31 399158 -6
567 -46 399694 -8
568 -55 400232 14
569 -18 400768 9
570 -45 401304 -12
571 -34 401840 3
572 -11 402370 3
573 -17 402902 12
574 -31 403434 -8
575 9 403966 -1
576 -48 404498 4
577 -36 405028 -11
578 -26 405560 -15
579 -37 406086 25
580 -17 406610 0
581 -35 407134 -3
582 -25 407658 15
583 -36 408180 0
584 -29 408704 -4
585 -19 409226 5
586 -23 409750 10
587 -26 410274 -24
588 -27 410794 -6
589 -26 411316 -8
590 -33 411838 5
591 -18 412362 12
592 -29 412884 -6
593 -25 413404 7
594 -20 413924 13
595 -28 414438 16
596 -41 414958 -4
597 -27 415478 1
598 -26 415994 -6
599 -26 416512 -1
600 -13 417024 -9
601 -10 417536 3
602 -11 418050 -13
603 -6 418564 16
604 -32 419076 15
605 -38 419590 -18
606 -17 420104 13
607 -22 420614 14
608 -21 421126 4
609 -21 421640 2
610 -31 422148 17
611 -11 422658 0
612 -19 423166 -3
613 -7 423678 3
614 -38 424188 -2
615 -43 424692 1
616 -21 425200 5
617 -28 425706 23
618 12 426214 3
619 -44 426720 5
620 -21 427224 5
621 -2 427730 1
622 -17 428234 5
623 -28 428738 8
624 -9 429242 -6
625 -34 429746 25
626 -11 430248 7
627 -24 430750 -4
628 -48 431254 17
629 2 431758 0
630 -24 432262 -5
631 -48 432762 7
632 10 433262 15
633 -15 433762 -4
634 -7 434262 3
635 -35 434766 2
636 -17 435264 8
637 -21 435762 -2
638 -7 436262 -4
639 -20 436764 11
640 -26 437260 -5
641 -25 437756 -4
642 -41 438252 10
643 -28 438752 6
644 -32 439250 -10
645 -4 439748 -3
646 -7 440242 7
647 -48 440740 -10
648 -36 441236 -2
649 -28 441730 4
650 -17 442224 2
651 -17 442714 13
652 -9 443212 -19
653 -24 443708 -5
654 -35 444204 0
655 -21 444698 5
656 -67 445190 1
657 -21 445686 19
658 -23 446180 1
659 -16 446672 3
660 -8 447168 -27
661 -10 447652 -3
662 -21 448146 2
663 -41 448640 -11
664 -9 449132 -3
665 -26 449624 0
666 -8 450112 7
667 -41 450602 11
668 -25 451096 -5
669 -37 451590 15
670 -20 452080 17
671 -37 452566 -3
672 -15 453056 17
673 -16 453548 5
674 -29 454040 -14
675 -22 454530 17
676 -30 455014 9
677 13 455504 13
678 -16 455994 -20
679 -5 456484 12
680 -24 456972 -13
681 13 457450 9
682 6 457936 0
683 -8 458422 18
684 -27 458904 13
685 -11 459386 -5
686 -44 459870 -9
687 -41 460350 -10
688 -22 460834 9
689 -8 461316 12
690 -10 461800 -7
691 -42 462284 4
692 -13 462764 9
693 1 463242 19
694 -29 463726 8
695 -35 464206 -2
696 -21 464686 11
697 -18 465162 23
698 -14 465644 11
699 -46 466126 -14
700 -13 466606 1
701 -31 467088 -1
702 -14 467564 -10
703 -19 468038 -2
704 -36 468512 13
705 -15 468988 2
706 16 469466 1
707 -19 469940 -7
708 -38 470418 13
709 -18 470894 7
710 -13 471370 21
711 -20 471846 -10
712 -32 472318 7
713 -44 472794 -12
714 -33 473268 1
715 -26 473740 -20
716 -49 474212 14
717 -29 474684 -26
718 -37 475158 4
719 -5 475628 22
720 0 475628 22
0 0 0 0
0 0 0 0
0 0 0 0
0 0 0 0
